Cruise	Latitude	Longitude	T7-Like B	T7-Like A	T7-tot	T4 like	Tot V	%I Syn T7 B	%I Syn T7 A	%I Syn T7	%I T4 Syn	%I Syn Tot	%I Pro T7 B	%I Pro T7 A	%I T7 	%I T4 Pro	%I Pro Tot
PORTLAND	44.05	-127.27	1.24E+05	7.63E+03	1.31E+05	1.95E+05	3.26E+05	0.02	0.00	0.02	0.46	0.48	0.06	0.00	0.06	0.58	0.58
PORTLAND	43.18	-128.40	1.49E+05	1.40E+03	1.50E+05	2.26E+05	3.76E+05	0.09	0.00	0.09	0.94	1.03	0.02	0.00	0.02	0.75	0.75
PORTLAND	41.45	-130.58	2.51E+05	1.42E+03	2.53E+05	4.15E+05	6.68E+05	0.01	0.03	0.04	0.35	0.39	0.05	0.00	0.05	0.49	0.49
PORTLAND	40.58	-132.06	6.41E+05	1.04E+04	6.52E+05	6.09E+05	1.26E+06	0.00	0.00	0.00	0.47	0.47	0.05	0.02	0.06	0.76	0.78
PORTLAND	40.09	-133.17	7.05E+05	9.71E+03	7.15E+05	5.87E+05	1.30E+06	0.03	0.00	0.03	0.18	0.20	0.08	0.02	0.09	0.92	0.93
PORTLAND	38.35	-135.30	9.46E+05	1.30E+04	9.59E+05	6.37E+05	1.60E+06	0.08	0.00	0.08	0.19	0.27	0.04	0.00	0.04	0.85	0.85
PORTLAND	37.52	-136.30	6.31E+05	1.11E+04	6.43E+05	5.45E+05	1.19E+06	0.06	0.00	0.06	0.13	0.19	0.07	0.00	0.07	0.60	0.60
PORTLAND	37.03	-137.39	8.06E+05	7.17E+03	8.13E+05	5.58E+05	1.37E+06	0.00	0.00	0.00	0.13	0.13	0.08	0.00	0.08	1.07	1.07
PORTLAND	35.32	-139.42	3.78E+05	3.17E+03	3.82E+05	4.08E+05	7.89E+05	0.09	0.00	0.09	0.17	0.26	0.10	0.00	0.10	0.35	0.35
PORTLAND	34.45	-140.45	3.27E+05	2.59E+03	3.30E+05	3.50E+05	6.80E+05	0.09	0.00	0.09	0.13	0.22	0.08	0.00	0.08	0.62	0.62
PORTLAND	33.55	-141.51	3.94E+05	2.28E+03	3.96E+05	3.33E+05	7.29E+05	0.06	0.00	0.06	0.13	0.19	0.18	0.00	0.18	0.50	0.50
PORTLAND	32.27	-143.46	2.91E+05	1.99E+03	2.93E+05	3.32E+05	6.25E+05	0.06	0.00	0.06	0.08	0.14	0.05	0.00	0.05	0.40	0.40
PORTLAND	31.41	-144.46	3.28E+05	1.80E+03	3.30E+05	2.65E+05	5.95E+05	0.03	0.00	0.03	0.11	0.14	0.19	0.00	0.19	0.50	0.50
PORTLAND	30.45	-145.58	2.55E+05	2.02E+03	2.57E+05	2.57E+05	5.14E+05	0.03	0.00	0.03	0.13	0.16	0.14	0.00	0.14	0.34	0.34
PORTLAND	29.12	-147.55	1.51E+05	1.61E+03	1.53E+05	3.79E+05	5.32E+05	0.03	0.00	0.03	0.14	0.17	0.06	0.02	0.08	0.31	0.33
PORTLAND	28.20	-149.01	1.29E+05	7.81E+02	1.30E+05	4.42E+05	5.71E+05	0.06	0.00	0.06	0.11	0.17	0.03	0.01	0.04	0.16	0.17
PORTLAND	27.30	-150.02	1.40E+05	1.32E+03	1.42E+05	4.19E+05	5.61E+05	0.11	0.00	0.11	0.15	0.26	0.04	0.00	0.04	0.32	0.32
PORTLAND	25.55	-151.59	1.73E+05	1.18E+03	1.74E+05	4.83E+05	6.57E+05	0.06	0.00	0.06	0.10	0.16	0.17	0.02	0.19	0.43	0.45
PORTLAND	25.45	-152.10	1.86E+05	1.03E+03	1.87E+05	4.90E+05	6.77E+05	0.06	0.00	0.06	0.14	0.20	0.05	0.00	0.05	0.29	0.29
PORTLAND	24.55	-153.12	1.62E+05	1.27E+03	1.63E+05	5.25E+05	6.88E+05	0.10	0.00	0.10	0.11	0.21	0.04	0.00	0.04	0.36	0.36
"G1"	23.49	-157.98	3.73E+05	2.98E+02	3.73E+05	3.45E+05	7.18E+05	0.10	0.00	0.10	0.21	0.31	0.16	0.01	0.17	0.26	0.27
"G1"	24.80	-158.01	4.99E+05	2.54E+02	5.00E+05	3.90E+05	8.90E+05	0.16	0.01	0.17	0.18	0.35	0.23	0.01	0.24	0.41	0.42
"G1"	25.59	-158.01	2.73E+05	4.53E+02	2.74E+05	3.64E+05	6.37E+05	0.12	0.00	0.12	0.28	0.40	0.20	0.00	0.20	0.21	0.21
"G1"	26.52	-157.99	2.83E+05	2.76E+02	2.83E+05	3.57E+05	6.40E+05	0.07	0.01	0.08	0.11	0.19	0.16	0.02	0.18	0.29	0.31
"G1"	28.14	-158.00	3.01E+05	5.73E+02	3.02E+05	3.13E+05	6.15E+05	0.22	0.03	0.24	0.21	0.45	0.24	0.00	0.24	0.27	0.27
"G1"	28.05	-158.00	3.09E+05	7.18E+02	3.10E+05	3.45E+05	6.55E+05	0.07	0.00	0.07	0.15	0.22	0.27	0.00	0.27	0.30	0.30
"G1"	29.46	-158.00	3.44E+05	5.52E+02	3.45E+05	4.31E+05	7.76E+05	0.22	0.00	0.23	0.34	0.57	0.23	0.00	0.23	0.46	0.46
"G1"	29.93	-158.01	3.32E+05	6.30E+02	3.32E+05	5.10E+05	8.42E+05	0.26	0.02	0.28	0.24	0.52	0.30	0.07	0.37	0.32	0.39
"G1"	30.81	-158.00	4.59E+05	2.32E+03	4.62E+05	4.09E+05	8.71E+05	0.23	0.00	0.24	0.34	0.58	0.27	0.02	0.29	0.40	0.42
"G1"	32.59	-158.00	7.04E+05	1.74E+03	7.06E+05	5.24E+05	1.23E+06	0.47	0.00	0.47	0.73	1.20	0.56	0.00	0.56	1.60	1.60
"G1"	32.69	-157.96	7.86E+05	7.16E+03	7.94E+05	4.84E+05	1.28E+06	0.43	0.06	0.49	0.70	1.20	0.51	0.06	0.57	0.94	1.01
"G1"	34.07	-158.00	5.52E+05	4.73E+02	5.52E+05	4.14E+05	9.66E+05	0.20	0.00	0.20	0.61	0.81	0.36	0.00	0.36	0.61	0.61
"G1"	34.84	-158.01	1.83E+05	5.30E+02	1.83E+05	1.80E+05	3.63E+05	0.14	0.01	0.15	0.44	0.58	0.44	0.05	0.49	0.52	0.57
"G1"	35.68	-158.00	1.88E+05	1.65E+02	1.88E+05	1.48E+05	3.36E+05	0.24	0.01	0.25	0.31	0.55	0.25	0.04	0.29	0.26	0.30
"G1"	37.30	-157.99	4.96E+04	5.73E+02	5.02E+04	9.08E+04	1.41E+05	0.26	0.03	0.29	0.35	0.63	0.28	0.05	0.33	0.38	0.43
"G1"	37.84	-158.00	3.46E+04	2.43E+02	3.48E+04	8.60E+04	1.21E+05	0.25	0.02	0.27	0.10	0.37	0.00	0.00	0.00	0.00	0.00
"G1"	37.47	-158.00	4.94E+04	1.33E+02	4.96E+04	8.26E+04	1.32E+05	0.21	0.14	0.35	0.54	0.89	0.00	0.00	0.00	0.00	0.00
"G1"	36.57	-158.00	6.35E+04	2.65E+02	6.38E+04	5.86E+04	1.22E+05	0.03	0.05	0.08	0.29	0.36	0.38	0.00	0.38	0.69	0.69
"G1"	36.67	-157.92	3.54E+04	1.21E+02	3.55E+04	5.93E+04	9.48E+04	0.41	0.07	0.48	0.25	0.72	0.00	0.00	0.00	0.00	0.00
"G1"	35.47	-157.98	1.30E+05	1.99E+02	1.31E+05	1.29E+05	2.60E+05	0.22	0.02	0.23	0.28	0.51	0.24	0.01	0.24	0.45	0.46
"G1"	35.56	-157.91	1.86E+05	1.88E+02	1.87E+05	1.88E+05	3.75E+05	0.25	0.02	0.27	0.21	0.47	0.25	0.00	0.25	0.44	0.44
"G1"	36.57	-158.00	5.58E+04	3.86E+02	5.61E+04	7.47E+04	1.31E+05	0.17	0.02	0.19	0.22	0.41	0.00	0.00	0.00	0.00	0.00
"G1"	36.05	-157.99	3.04E+05	5.76E+02	3.04E+05	2.01E+05	5.05E+05	0.08	0.08	0.16	0.46	0.62	0.32	0.03	0.35	0.94	0.97
"G1"	35.07	-158.01	7.57E+04	1.44E+02	7.59E+04	1.09E+05	1.84E+05	0.24	0.00	0.24	0.23	0.47	0.27	0.13	0.40	0.48	0.61
"G1"	34.75	-158.00	3.70E+05	6.54E+02	3.71E+05	4.28E+05	7.99E+05	0.11	0.03	0.13	0.41	0.54	0.37	0.02	0.39	1.03	1.05
"G1"	33.09	-158.00	8.20E+05	1.21E+03	8.21E+05	5.71E+05	1.39E+06	0.26	0.04	0.30	0.66	0.96	0.35	0.06	0.41	1.04	1.10
"G1"	29.70	-158.00	2.31E+05	2.32E+02	2.31E+05	4.00E+05	6.31E+05	0.28	0.00	0.28	0.28	0.56	0.28	0.06	0.33	0.27	0.33
"G1"	28.97	-157.99	2.99E+05	4.08E+02	2.99E+05	3.52E+05	6.51E+05	0.21	0.02	0.23	0.31	0.54	0.23	0.03	0.26	0.22	0.25
"G1"	28.00	-158.00	2.36E+05	1.98E+02	2.36E+05	3.57E+05	5.93E+05	0.17	0.01	0.18	0.26	0.44	0.21	0.02	0.22	0.44	0.45
"G2"	25.77	-158.02	4.19E+04	1.05E+02	2.66E+05	9.52E+01	2.66E+05	0.54	0.03	0.57	0.41	0.97	0.53	0.12	0.66	0.49	0.62
"G2"	29.65	-158.00	6.54E+04	7.33E+02	2.19E+05	1.19E+02	2.19E+05	0.44	0.02	0.46	0.65	1.11	0.34	0.02	0.36	0.52	0.54
"G2"	30.30	-158.00	2.74E+04	1.39E+02	1.43E+05	7.14E+01	1.43E+05	0.53	0.00	0.53	0.74	1.27	0.20	0.07	0.27	0.69	0.76
"G2"	31.00	-158.00	7.04E+04	9.09E+02	1.95E+05	2.86E+02	1.95E+05	0.26	0.02	0.28	0.64	0.92	0.25	0.03	0.28	0.43	0.46
"G2"	31.74	-158.00	1.43E+05	1.12E+03	2.15E+05	6.78E+02	2.16E+05	0.50	0.04	0.55	0.85	1.40	0.86	0.01	0.88	1.27	1.29
"G2"	32.26	-158.01	1.20E+05	8.14E+02	2.17E+05	2.38E+02	2.18E+05	0.54	0.06	0.60	0.73	1.32	0.40	0.03	0.43	0.54	0.57
"G2"	32.75	-158.01	1.20E+05	9.38E+02	1.50E+05	2.38E+02	1.51E+05	0.60	0.03	0.62	0.69	1.31	0.88	0.02	0.90	0.51	0.53
"G2"	33.45	-158.01	1.99E+05	2.16E+03	2.57E+05	5.59E+02	2.58E+05	0.50	0.06	0.56	0.92	1.48	4.03	0.02	4.05	1.32	1.34
"G2"	34.14	-158.00	7.37E+05	2.05E+04	4.66E+05	9.16E+02	4.67E+05	NA	NA	NA	NA	NA	NA	NA	NA		NA
"G2"	34.85	-158.01	8.54E+05	2.95E+04	6.77E+05	8.21E+02	6.78E+05	NA	NA	NA	NA	NA	NA	NA	NA		NA
"G2"	35.47	-158.00	9.21E+05	4.78E+04	6.02E+05	5.24E+02	6.02E+05	NA	NA	NA	NA	NA	NA	NA	NA		NA
"G2"	36.07	-158.00	1.11E+06	5.73E+04	6.21E+05	1.48E+03	6.23E+05	NA	NA	NA	NA	NA	NA	NA	NA		NA
"G2"	36.52	-158.01	1.26E+06	6.44E+04	6.34E+05	2.21E+03	6.36E+05	3.12	0.42	3.54	1.82	5.36	4.01	0.38	4.39	1.63	2.01
"G2"	37.28	-158.00	1.18E+06	8.86E+04	5.26E+05	3.50E+03	5.30E+05	NA	NA	NA	NA	NA	NA	NA	NA		NA
"G2"	37.90	-158.00	1.22E+06	2.19E+05	5.55E+05	4.82E+03	5.59E+05	NA	NA	NA	NA	NA	NA	NA	NA		NA
"G2"	38.70	-158.00	3.90E+05	1.08E+05	1.92E+05	1.05E+04	2.02E+05	NA	NA	NA	NA	NA	NA	NA	NA		NA
"G2"	39.24	-158.01	7.70E+03	8.88E+04	1.65E+05	1.50E+03	1.67E+05	0.25	0.06	0.31	0.63	0.94	2.05	0.00	2.05	2.05	2.05
"G2"	39.77	-158.00	5.99E+03	1.74E+03	6.41E+04	1.09E+03	6.52E+04	NA	NA	NA	NA	NA	NA	NA	NA	NA	NA
"G2"	40.35	-158.00	3.84E+03	1.63E+03	4.65E+04	1.90E+02	4.67E+04	NA	NA	NA	NA	NA	NA	NA	NA	NA	NA
"G2"	40.98	-158.00	3.42E+03	2.81E+03	4.20E+04	1.07E+02	4.21E+04	NA	NA	NA	NA	NA	NA	NA	NA	NA	NA
"G2"	41.72	-158.00	0.00E+00	2.44E+03	2.14E+05	0.00E+00	2.14E+05	NA	NA	NA	NA	NA	NA	NA	NA	NA	NA
"G2"	42.35	-158.00	8.52E+03	2.14E+03	4.34E+04	2.14E+02	4.37E+04	NA	NA	NA	NA	NA	NA	NA	NA	NA	NA
"G2"	41.43	-158.01	2.56E+03	2.07E+03	1.08E+05	1.14E+03	1.09E+05	0.21	0.02	0.23	0.60	0.83	0.00	0.00	0.00	0.00	0.00
"G2"	41.42	-158.00	2.57E+03	9.21E+02	9.47E+04	8.45E+02	9.56E+04	0.60	0.01	0.61	0.69	1.30	0.00	0.00	0.00	0.00	0.00
"G2"	40.50	-158.00	3.84E+03	1.77E+03	7.04E+04	1.40E+03	7.18E+04	0.33	0.27	0.59	0.65	1.24	0.00	0.00	0.00	0.00	0.00
"G2"	38.94	-158.00	2.28E+05	5.12E+04	2.71E+05	2.27E+03	2.73E+05	1.11	0.49	1.60	1.11	2.71	1.52	0.19	1.71	0.52	0.71
"G2"	38.00	-158.00	5.03E+04	1.58E+05	1.95E+05	2.53E+03	1.98E+05	0.39	0.64	1.03	1.66	2.69	0.59	0.55	1.14	0.66	1.21
"G2"	37.50	-158.00	1.26E+06	1.10E+05	5.87E+05	1.59E+04	6.02E+05	3.76	1.66	5.43	3.45	8.87	5.30	0.68	5.98	3.51	4.20
"G2"	36.60	-158.01	1.13E+06	7.08E+04	5.58E+05	2.88E+03	5.61E+05	2.84	0.19	3.03	1.43	4.45	3.21	0.18	3.38	1.83	2.01
"G2"	37.01	-158.00	1.17E+06	7.64E+04	6.58E+05	3.12E+03	6.61E+05	NA	NA	NA	NA	NA	NA	NA	NA	NA	NA
"G2"	36.00	-158.00	1.07E+06	6.26E+04	6.40E+05	2.53E+03	6.43E+05	3.86	1.09	4.95	2.55	7.50	4.08	0.47	4.54	1.45	1.92
"G2"	35.40	-157.98	1.01E+06	5.45E+04	5.84E+05	2.18E+03	5.87E+05	2.93	0.12	3.05	2.02	5.07	2.71	0.22	2.94	2.04	2.26
"G2"	34.50	-158.00	9.25E+05	4.21E+04	5.77E+05	1.65E+03	5.78E+05	3.90	0.00	3.90	1.85	5.75	2.73	0.26	3.00	1.13	1.39
"G2"	34.02	-158.00	6.13E+05	1.96E+04	5.40E+05	1.87E+03	5.42E+05	3.29	0.21	3.50	1.77	5.26	2.91	0.17	3.08	0.80	0.97
"G2"	34.02	-158.65	5.62E+05	2.64E+04	5.45E+05	1.09E+03	5.46E+05	NA	NA	NA	NA	NA	NA	NA	NA	NA	NA
"G2"	32.76	-158.00	5.53E+05	2.48E+04	4.83E+05	1.37E+03	4.85E+05	NA	NA	NA	NA	NA	NA	NA	NA	NA	NA
"G2"	32.57	-158.00	5.26E+05	9.40E+03	4.71E+05	4.28E+02	4.71E+05	NA	NA	NA	NA	NA	NA	NA	NA	NA	NA
"G2"	32.00	-158.00	4.23E+05	9.82E+03	4.00E+05	2.38E+02	4.00E+05	NA	NA	NA	NA	NA	NA	NA	NA	NA	NA
"G3"	26.28	-158.00	2.38E+04	0.00E+00	3.23E+05	3.23E+05	6.47E+05	NA	NA	NA	NA	NA	NA	NA	NA	NA	NA
"G3"	29.45	-158.00	6.13E+04	0.00E+00	3.54E+05	3.54E+05	7.09E+05	NA	NA	NA	NA	NA	NA	NA	NA	NA	NA
"G3"	30.13	-158.00	8.11E+04	0.00E+00	2.82E+05	2.82E+05	5.63E+05	NA	NA	NA	NA	NA	NA	NA	NA	NA	NA
"G3"	30.51	-158.00	9.48E+04	0.00E+00	1.60E+05	1.60E+05	3.19E+05	NA	NA	NA	NA	NA	NA	NA	NA	NA	NA
"G3"	31.26	-158.00	8.10E+04	0.00E+00	2.29E+05	2.29E+05	4.58E+05	NA	NA	NA	NA	NA	NA	NA	NA	NA	NA
"G3"	32.02	-158.00	1.33E+05	0.00E+00	2.97E+05	2.97E+05	5.94E+05	NA	NA	NA	NA	NA	NA	NA	NA	NA	NA
"G3"	32.41	-157.60	1.30E+05	0.00E+00	3.53E+05	3.53E+05	7.06E+05	NA	NA	NA	NA	NA	NA	NA	NA	NA	NA
"G3"	33.16	-157.60	3.56E+05	0.00E+00	2.82E+05	2.82E+05	5.64E+05	NA	NA	NA	NA	NA	NA	NA	NA	NA	NA
"G3"	33.53	-157.60	3.14E+05	0.00E+00	3.65E+05	3.65E+05	7.31E+05	NA	NA	NA	NA	NA	NA	NA	NA	NA	NA
"G3"	34.28	-158.00	4.10E+05	0.00E+00	4.64E+05	4.64E+05	9.29E+05	NA	NA	NA	NA	NA	NA	NA	NA	NA	NA
"G3"	35.04	-158.00	4.93E+05	0.00E+00	5.89E+05	5.89E+05	1.18E+06	NA	NA	NA	NA	NA	NA	NA	NA	NA	NA
"G3"	35.42	-157.60	3.80E+05	5.95E+02	4.21E+05	4.21E+05	8.42E+05	NA	NA	NA	NA	NA	NA	NA	NA	NA	NA
"G3"	36.19	-157.60	4.62E+05	0.00E+00	5.35E+05	5.35E+05	1.07E+06	NA	NA	NA	NA	NA	NA	NA	NA	NA	NA
"G3"	36.55	-158.00	3.06E+05	5.94E+02	3.35E+05	3.35E+05	6.70E+05	NA	NA	NA	NA	NA	NA	NA	NA	NA	NA
"G3"	40.13	-157.60	8.84E+04	0.00E+00	4.78E+04	4.78E+04	9.57E+04	NA	NA	NA	NA	NA	NA	NA	NA	NA	NA
"G3"	39.37	-158.00	3.56E+03	0.00E+00	1.90E+04	1.90E+04	3.80E+04	NA	NA	NA	NA	NA	NA	NA	NA	NA	NA
"G3"	38.48	-157.60	1.27E+05	0.00E+00	1.93E+05	1.93E+05	3.86E+05	NA	NA	NA	NA	NA	NA	NA	NA	NA	NA
"G3"	38.04	-158.00	1.91E+05	0.00E+00	1.86E+05	1.86E+05	3.72E+05	NA	NA	NA	NA	NA	NA	NA	NA	NA	NA
"G3"	37.14	-158.00	3.67E+05	0.00E+00	4.92E+05	4.92E+05	9.84E+05	NA	NA	NA	NA	NA	NA	NA	NA	NA	NA
"G3"	42.20	-157.60	4.07E+05	1.18E+03	3.21E+05	3.21E+05	6.42E+05	NA	NA	NA	NA	NA	NA	NA	NA	NA	NA
"G3"	37.18	-158.00	6.33E+05	0.00E+00	3.99E+05	3.99E+05	7.99E+05	NA	NA	NA	NA	NA	NA	NA	NA	NA	NA
"G3"	36.55	-158.00	5.57E+05	3.59E+03	2.11E+05	2.11E+05	4.22E+05	NA	NA	NA	NA	NA	NA	NA	NA	NA	NA
"G3"	36.20	-157.60	5.16E+05	5.33E+03	4.55E+05	4.55E+05	9.10E+05	NA	NA	NA	NA	NA	NA	NA	NA	NA	NA
"G3"	35.42	-157.60	5.82E+04	0.00E+00	8.22E+04	8.22E+04	1.64E+05	NA	NA	NA	NA	NA	NA	NA	NA	NA	NA
"G3"	35.03	-157.60	1.67E+05	2.37E+03	7.03E+04	7.03E+04	1.41E+05	NA	NA	NA	NA	NA	NA	NA	NA	NA	NA
"G3"	34.27	-157.60	6.53E+03	3.56E+03	5.00E+04	5.00E+04	1.00E+05	NA	NA	NA	NA	NA	NA	NA	NA	NA	NA
"G3"	33.53	-158.00	4.04E+04	3.55E+03	7.90E+04	7.90E+04	1.58E+05	NA	NA	NA	NA	NA	NA	NA	NA	NA	NA
"G3"	33.16	-157.60	3.55E+03	5.95E+02	2.65E+04	2.65E+04	5.30E+04	NA	NA	NA	NA	NA	NA	NA	NA	NA	NA
"G3"	32.40	-158.00	5.35E+03	0.00E+00	8.77E+04	8.77E+04	1.75E+05	NA	NA	NA	NA	NA	NA	NA	NA	NA	NA
"G3"	32.02	-158.00	4.75E+03	0.00E+00	6.00E+04	6.00E+04	1.20E+05	NA	NA	NA	NA	NA	NA	NA	NA	NA	NA
