328187.40227718686 328187.40227718686 328187.40227718686 328187.40227718686 328187.40227718686 328187.40227718686 328187.40227718686 328187.40227718686 328187.40227718686 328187.40227718686 328187.40227718686 328187.40227718686 328187.40227718686 328187.40227718686 328187.40227718686 328187.40227718686 328187.40227718686 328187.40227718686 328187.40227718686 328187.40227718686 328187.40227718686 328187.40227718686 328187.40227718686 328187.40227718686 328187.40227718686 328187.40227718686 328187.40227718686 
328187.40227718686 328187.40227718686 328187.40227718686 328187.40227718686 328187.40227718686 328187.40227718686 328187.40227718686 328187.40227718686 328187.40227718686 328187.40227718686 328187.40227718686 328187.40227718686 328187.40227718686 328187.40227718686 328187.40227718686 328187.40227718686 328187.40227718686 328187.40227718686 328187.40227718686 328187.40227718686 328187.40227718686 328187.40227718686 328187.40227718686 328187.40227718686 328187.40227718686 328187.40227718686 328187.40227718686 
328187.40227718686 328187.40227718686 328187.40227718686 328187.40227718686 328187.40227718686 328187.40227718686 328187.40227718686 328187.40227718686 328187.40227718686 328187.40227718686 328187.40227718686 328187.40227718686 328187.40227718686 328187.40227718686 328187.40227718686 328187.40227718686 328187.40227718686 328187.40227718686 328187.40227718686 328187.40227718686 328187.40227718686 328187.40227718686 328187.40227718686 328187.40227718686 328187.40227718686 328187.40227718686 328187.40227718686 
328187.40227718686 328187.40227718686 328187.40227718686 328187.40227718686 328187.40227718686 328187.40227718686 328187.40227718686 328187.40227718686 328187.40227718686 328187.40227718686 328187.40227718686 328187.40227718686 328187.40227718686 328187.40227718686 328187.40227718686 328187.40227718686 328187.40227718686 328187.40227718686 328187.40227718686 328187.40227718686 328187.40227718686 328187.40227718686 328187.40227718686 328187.40227718686 328187.40227718686 328187.40227718686 328187.40227718686 
328187.40227718686 328187.40227718686 328187.40227718686 328187.40227718686 328187.40227718686 328187.40227718686 328187.40227718686 328187.40227718686 328187.40227718686 328187.40227718686 328187.40227718686 328187.40227718686 328187.40227718686 328187.40227718686 328187.40227718686 328187.40227718686 328187.40227718686 328187.40227718686 328187.40227718686 328187.40227718686 328187.40227718686 328187.40227718686 328187.40227718686 328187.40227718686 328187.40227718686 328187.40227718686 328187.40227718686 
328187.40227718686 328187.40227718686 328187.40227718686 328187.40227718686 328187.40227718686 328187.40227718686 328187.40227718686 328187.40227718686 328187.40227718686 328187.40227718686 328187.40227718686 328187.40227718686 328187.40227718686 328187.40227718686 328187.40227718686 328187.40227718686 328187.40227718686 328187.40227718686 328187.40227718686 328187.40227718686 328187.40227718686 328187.40227718686 328187.40227718686 328187.40227718686 328187.40227718686 328187.40227718686 328187.40227718686 
328187.40227718686 328187.40227718686 328187.40227718686 328187.40227718686 328187.40227718686 328187.40227718686 328187.40227718686 328187.40227718686 328187.40227718686 328187.40227718686 328187.40227718686 328187.40227718686 328187.40227718686 328187.40227718686 328187.40227718686 328187.40227718686 328187.40227718686 328187.40227718686 328187.40227718686 328187.40227718686 328187.40227718686 328187.40227718686 328187.40227718686 328187.40227718686 328187.40227718686 328187.40227718686 328187.40227718686 
328187.40227718686 328187.40227718686 328187.40227718686 328187.40227718686 328187.40227718686 328187.40227718686 328187.40227718686 328187.40227718686 328187.40227718686 328187.40227718686 328187.40227718686 328187.40227718686 328187.40227718686 328187.40227718686 328187.40227718686 328187.40227718686 328187.40227718686 328187.40227718686 328187.40227718686 328187.40227718686 328187.40227718686 328187.40227718686 328187.40227718686 328187.40227718686 328187.40227718686 328187.40227718686 328187.40227718686 
328187.40227718686 328187.40227718686 328187.40227718686 328187.40227718686 328187.40227718686 328187.40227718686 328187.40227718686 328187.40227718686 328187.40227718686 328187.40227718686 328187.40227718686 328187.40227718686 328187.40227718686 328187.40227718686 328187.40227718686 328187.40227718686 328187.40227718686 328187.40227718686 328187.40227718686 328187.40227718686 328187.40227718686 328187.40227718686 328187.40227718686 328187.40227718686 328187.40227718686 328187.40227718686 328187.40227718686 
328187.40227718686 328187.40227718686 328187.40227718686 328187.40227718686 328187.40227718686 328187.40227718686 328187.40227718686 328187.40227718686 328187.40227718686 328187.40227718686 328187.40227718686 328187.40227718686 328187.40227718686 328187.40227718686 328187.40227718686 328187.40227718686 328187.40227718686 328187.40227718686 328187.40227718686 328187.40227718686 328187.40227718686 328187.40227718686 328187.40227718686 328187.40227718686 328187.40227718686 328187.40227718686 328187.40227718686 
328187.40227718686 328187.40227718686 328187.40227718686 328187.40227718686 328187.40227718686 328187.40227718686 328187.40227718686 328187.40227718686 328187.40227718686 328187.40227718686 328187.40227718686 328187.40227718686 328187.40227718686 328187.40227718686 328187.40227718686 328187.40227718686 328187.40227718686 328187.40227718686 328187.40227718686 328187.40227718686 328187.40227718686 328187.40227718686 328187.40227718686 328187.40227718686 328187.40227718686 328187.40227718686 328187.40227718686 
328187.40227718686 328187.40227718686 328187.40227718686 328187.40227718686 328187.40227718686 328187.40227718686 328187.40227718686 328187.40227718686 328187.40227718686 328187.40227718686 328187.40227718686 328187.40227718686 328187.40227718686 328187.40227718686 328187.40227718686 328187.40227718686 328187.40227718686 328187.40227718686 328187.40227718686 328187.40227718686 328187.40227718686 328187.40227718686 328187.40227718686 328187.40227718686 328187.40227718686 328187.40227718686 328187.40227718686 
328187.40227718686 328187.4022771867 328187.40227718686 328187.40227718686 328187.40227718686 328187.40227718686 328187.40227718686 328187.40227718686 328187.40227718686 328187.40227718686 328187.40227718686 328187.40227718686 328187.40227718686 328187.40227718686 328187.40227718686 328187.40227718686 328187.40227718686 328187.40227718686 328187.40227718686 328187.40227718686 328187.40227718686 328187.40227718686 328187.40227718686 328187.40227718686 328187.40227718686 328187.40227718686 328187.40227718686 
328187.40227718523 328187.4022771854 328187.40227718605 328187.4022771861 328187.4022771866 328187.40227718686 328187.40227718686 328187.40227718686 328187.40227718686 328187.40227718686 328187.40227718686 328187.40227718686 328187.40227718686 328187.40227718686 328187.40227718686 328187.40227718686 328187.40227718686 328187.40227718686 328187.40227718686 328187.40227718686 328187.40227718686 328187.40227718686 328187.40227718686 328187.40227718686 328187.40227718686 328187.40227718686 328187.40227718686 
328187.4022771816 328187.4022771816 328187.4022771816 328187.4022771816 328187.4022771816 328187.4022771816 328187.4022771816 328187.4022771823 328187.4022771859 328187.4022771867 328187.40227718686 328187.40227718686 328187.40227718686 328187.40227718686 328187.40227718686 328187.40227718686 328187.40227718686 328187.40227718686 328187.40227718686 328187.40227718686 328187.40227718686 328187.40227718686 328187.40227718686 328187.40227718686 328187.40227718686 328187.40227718686 328187.40227718686 
328187.4022771816 328187.4022771816 328187.4022771816 328187.4022771816 328187.4022771816 328187.4022771816 328187.4022771816 328187.4022771816 328187.4022771816 328187.4022771816 328187.4022771816 328187.4022771861 328187.4022771867 328187.40227718686 328187.40227718686 328187.40227718686 328187.40227718686 328187.40227718686 328187.40227718686 328187.40227718686 328187.40227718686 328187.40227718686 328187.40227718686 328187.40227718686 328187.40227718686 328187.40227718686 328187.40227718686 
328187.4022771816 328187.4022771816 328187.4022771816 328187.4022771816 328187.4022771816 328187.4022771816 328187.4022771816 328187.4022771816 328187.4022771816 328187.4022771816 328187.4022771816 328187.4022771816 328187.4022771816 328187.4022771866 328187.40227718686 328187.40227718686 328187.40227718686 328187.40227718686 328187.40227718686 328187.40227718686 328187.40227718686 328187.40227718686 328187.40227718686 328187.40227718686 328187.40227718686 328187.40227718686 328187.40227718686 
327634.8086482438 327686.24254657427 327750.2764447331 327829.22520956094 327925.40305374644 328040.87272292655 328175.8585936099 328187.4022771816 328187.4022771816 328187.4022771816 328187.4022771816 328187.4022771816 328187.4022771816 328187.4022771816 328187.4022771851 328187.40227718686 328187.40227718686 328187.40227718686 328187.40227718686 328187.40227718686 328187.40227718686 328187.40227718686 328187.40227718686 328187.40227718686 328187.40227718686 328187.40227718686 328187.40227718686 
326304.5846866835 326390.9038888982 326498.3844072246 326630.92273319286 326792.419688341 326986.3605768425 327215.23320301576 327479.82758938917 327778.5339943376 328106.829696525 328187.4022771816 328187.4022771816 328187.4022771816 328187.4022771816 328187.4022771816 328187.4022771831 328187.4022771867 328187.4022771867 328187.4022771867 328187.40227718686 328187.4022771867 328187.4022771867 328187.40227718686 328187.40227718686 328187.40227718686 328187.40227718686 328187.40227718686 
323822.48456329276 323966.4789106492 324145.81256386655 324367.01477791223 324636.63574988354 324960.5489439169 325342.98081359727 325785.3389842255 326285.03146387974 326834.59431539493 327421.5015612232 328028.93850188254 328187.4022771816 328187.4022771816 328187.4022771816 328187.4022771816 328187.4022771819 328187.40227718686 328187.4022771867 328187.40227718686 328187.4022771867 328187.40227718686 328187.40227718686 328187.4022771867 328187.40227718686 328187.40227718686 328187.40227718686 
319374.6072144113 319612.9365913625 319909.85885869636 320276.2575806276 320723.0870263352 321260.2245650528 321894.86629212135 322629.5780775483 323460.31564694433 324374.9376674695 325352.83659560274 326366.16764703015 327382.7195453553 328187.4022733811 328187.4022771816 328187.4022771816 328187.4022771816 328187.4022771825 328187.4022771866 328187.4022771867 328187.4022771867 328187.40227718686 328187.40227718686 328187.4022771867 328187.40227718686 328187.40227718686 328187.40227718686 
311648.3098294591 312038.32943888864 312524.5019202567 313124.84016470495 313857.56825072365 314739.26284205844 315782.2326843771 316991.3053631246 318360.5206596727 319870.5836027458 321488.115112164 323167.52563507203 324855.6356175023 326498.1893627836 328046.63595230324 328187.4022771816 328187.4022771816 328187.4022771816 328187.40227718395 328187.4022771866 328187.4022771867 328187.4022771867 328187.4022771867 328187.4022771867 328187.40227718686 328187.4022771867 328187.40227718686 
298608.33630175673 299235.6280283284 300018.25463938346 300985.7096680682 302168.07575066225 303593.0886539703 305281.9401194968 307244.05361909926 309471.59826770576 311935.098369869 314581.84461027244 317338.53507828416 320118.4844023788 322832.14140378573 325398.3254691582 327753.29836098605 328187.4022771816 328187.4022771816 328187.4022771816 328187.40227718605 328187.4022771866 328187.4022771867 328187.4022771867 328187.4022771867 328187.4022771867 328187.40227718686 328187.4022771867 
277295.1009819127 278277.20060209086 279504.17974904523 281023.5067292942 282884.201222675 285132.38304503413 287804.7643510895 290920.35521680757 294471.47861862683 298416.1695126587 302674.7043397063 307132.740412025 311651.9536577274 316086.51694788673 320301.45049490646 324188.1151425328 327673.3536140341 328187.4022771816 328187.4022771816 328187.4022771816 328187.4022771866 328187.4022771866 328187.4022771866 328187.4022771867 328187.4022771867 328187.4022771867 328187.40227718686 
243857.76076195028 245333.03744964127 247179.99057169264 249472.90203822695 252289.8752439248 255706.53329005983 259786.4653336162 264568.596869453 270052.86604286794 276187.15094349877 282859.6819232881 289901.1905621931 297099.000363412 304221.42273112794 311046.85576177196 317390.0869018736 323119.5770671232 328143.44357455475 328187.4022771816 328187.4022771816 328187.4022771854 328187.4022771866 328187.4022771866 328187.4022771867 328187.4022771867 328187.4022771867 328187.40227718686 
194249.04892901075 196333.3482395053 198950.48942319537 202211.5509310948 206236.21158536954 211144.79895576055 217045.5021758554 224016.51298339147 232084.4216339796 241202.49731645145 251234.81860326423 261953.17235067853 273051.70115265856 284179.14896136656 294982.12032601144 305148.4033175181 314439.6186544286 322706.9579009371 328187.4022771816 328187.4022771816 328187.4022771816 328187.4022771861 328187.4022771866 328187.4022771866 328187.4022771867 328187.4022771866 328187.4022771867 
126052.24837769239 128755.48125591822 132162.9907979179 136429.59295908434 141727.1849460178 148236.50760030665 156132.48804970758 165562.02596325282 176614.6965250289 189289.71216229245 203466.13594480167 218886.19943502743 235161.28030934063 251804.97914225195 268288.8266023304 284107.57395797275 298837.5224041042 312174.7416240948 323947.9569169531 328187.4022771816 328187.4022771816 328187.40227718593 328187.4022771861 328187.4022771866 328187.4022771866 328187.4022771867 328187.40227718686 
41167.34060343806 44309.61175498323 48288.66182821474 53299.670746060525 59566.61261018479 67336.38384196104 76865.86567103039 88399.6011570571 102136.79538998532 118188.94167595624 136533.6808683723 156975.53684181924 179127.42206534615 202425.0365084692 226177.94104624068 249648.70931147755 272141.26200622553 293076.85263328603 312042.09475563216 328187.28685620107 328187.4022771816 328187.40227718395 328187.40227718593 328187.4022771866 328187.4022771866 328187.4022771867 328187.4022771867 
-52630.00149545896 -49407.84328603474 -45308.42998561567 -40114.955063204274 -33570.64565372579 -25379.743089188647 -15214.380502318352 -2730.352998418646 12405.23299120483 30472.68769960277 51646.27409131208 75935.25129609383 103132.27663629042 132786.0181489318 164212.87537745165 196553.0847239034 228862.22713588044 260217.2092965141 289812.2922921426 317026.5667355523 328187.4022771816 328187.4022771816 328187.40227718523 328187.4022771861 328187.4022771866 328187.4022771866 328187.4022771867 
nan nan nan nan nan nan nan -97446.51354830667 -82832.73109624682 -65010.36980923265 -43590.144894124394 -18267.962313131866 11101.614943226028 44443.53432258873 81420.13526383505 121424.83240035546 163619.85205964872 207013.21088711574 250557.8635037783 293250.569644649 328187.4022771816 328187.4022771816 328187.4022771851 328187.40227718593 328187.4022771866 328187.4022771866 328187.4022771866 
nan nan nan nan nan nan nan nan nan nan nan nan -86300.2695873051 -53743.315934787264 -15992.276468366617 27021.308779330982 75182.9895759091 128240.1919659928 185904.4003420861 248024.44903936022 314876.42126583424 328187.4022771816 328187.4022771844 328187.4022771859 328187.4022771861 328187.4022771866 328187.4022771866 
nan nan nan nan nan nan nan nan nan nan nan nan nan nan nan -75113.21138836493 -28327.113576060467 26586.737540836548 91255.53791982206 168909.3128894639 267713.51392577786 328187.4022771816 328187.4022771831 328187.4022771851 328187.4022771861 328187.4022771866 328187.4022771866 
nan nan nan nan nan nan nan nan nan nan nan nan nan nan nan nan nan -81181.36487362353 -9249.199343642875 53217.75245602653 165338.17028554704 328187.4022771816 328187.4022771818 328187.4022771851 328187.40227718593 328187.4022771861 328187.4022771866 
nan nan nan nan nan nan nan nan nan nan nan nan nan nan nan nan nan -40775.688773246184 13152.293936102578 54750.445455670764 90664.81120609262 328187.4022771816 328187.4022771818 328187.4022771851 328187.40227718593 328187.4022771861 328187.4022771861 
nan nan nan nan nan nan nan nan nan nan nan nan nan nan nan nan -91530.92547587615 -40129.26723675398 8089.865817313912 55644.89656457701 89556.11820156191 111986.34732559469 328187.4022771816 328187.40227718477 328187.40227718523 328187.40227718593 328187.40227718593 
nan nan nan nan nan nan nan nan nan nan nan nan nan nan nan nan -82905.70716287437 -44163.130041433986 -481.7091817242472 47664.39364223476 86330.41742178425 109615.14543583698 328187.4022771816 328187.4022771847 328187.4022771851 328187.4022771859 328187.40227718593 
nan nan nan nan nan nan nan nan nan nan nan nan nan nan nan nan -78652.95947802466 -47722.91690957585 -12759.755656474808 33858.47473795738 68145.99316063686 106390.42973779872 328187.4022771816 328187.40227718477 328187.4022771851 328187.4022771851 328187.4022771851 
