nan nan nan nan nan nan nan nan nan nan nan nan nan nan nan nan nan nan nan nan nan nan nan nan nan nan nan 
nan nan nan nan nan nan nan nan nan nan nan nan nan nan nan nan nan nan nan nan nan nan nan nan nan nan nan 
nan nan nan nan nan nan nan nan nan nan nan nan nan nan nan nan nan nan nan nan nan nan nan nan nan nan nan 
nan nan nan nan nan nan nan nan nan nan nan nan nan nan nan nan nan nan nan nan nan nan nan nan nan nan nan 
nan nan nan nan nan nan nan nan nan nan nan nan nan nan nan nan nan nan nan nan nan nan nan nan nan nan nan 
nan nan nan nan nan nan nan nan nan nan nan nan nan nan nan nan nan nan nan nan nan nan nan nan nan nan nan 
nan nan nan nan nan nan nan nan nan nan nan nan nan nan nan nan nan nan nan nan nan nan nan nan nan nan nan 
nan nan nan nan nan nan nan nan nan nan nan nan nan nan nan nan nan nan nan nan nan nan nan nan nan nan nan 
nan nan nan nan nan nan nan nan nan nan nan nan nan nan nan nan nan nan nan nan nan nan nan nan nan nan nan 
nan nan nan nan nan nan nan nan nan nan nan nan nan nan nan nan nan nan nan nan nan nan nan nan nan nan nan 
nan nan nan nan nan nan nan nan nan nan nan nan nan nan nan nan nan nan nan nan nan nan nan nan nan nan nan 
nan nan nan nan nan nan nan nan nan nan nan nan nan nan nan nan nan nan nan nan nan nan nan nan nan nan nan 
nan nan nan nan nan nan nan nan nan nan nan nan nan nan nan nan nan nan nan nan nan nan nan nan nan nan nan 
nan nan nan nan nan nan nan nan nan nan nan nan nan nan nan nan nan nan nan nan nan nan nan nan nan nan nan 
nan nan nan nan nan nan nan nan nan nan nan nan nan nan nan nan nan nan nan nan nan nan nan nan nan nan nan 
nan nan nan nan nan nan nan nan nan nan nan nan nan nan nan nan nan nan nan nan nan nan nan nan nan nan nan 
nan nan nan nan nan nan nan nan nan nan nan nan nan nan nan nan nan nan nan nan nan nan nan nan nan nan nan 
-991069534.6085731 -991846770.3756822 -992816647.5397964 -994015871.920416 -995481986.3009487 -997249782.3278412 -999346090.2637379 nan nan nan nan nan nan nan nan nan nan nan nan nan nan nan nan nan nan nan nan 
-977197060.0514109 -978196080.4626853 -979442859.7706832 -980984689.9347025 -982869992.4870766 -985143718.4239402 -987840736.9353933 -990977551.4448068 -994543507.008672 -998493591.1507398 nan nan nan nan nan nan nan nan nan nan nan nan nan nan nan nan nan 
-959439943.2270777 -960719425.1455599 -962316534.4394009 -964292078.6182814 -966708426.6484452 -969623642.8393732 -973083029.4984549 -977108494.7403702 -981687218.73833 -986762302.5860529 -992228861.0046126 -997938591.9153956 nan nan nan nan nan nan nan nan nan nan nan nan nan nan nan 
-936864553.5333723 -938493339.8915279 -940527126.6974376 -943043825.5693552 -946123578.4406401 -949841344.3976456 -954256155.678212 -959397536.6546093 -965250923.7577938 -971745485.5002435 -978748777.4506948 -986072183.1029546 -993488499.9699033 -999999967.9971836 nan nan nan nan nan nan nan nan nan nan nan nan nan 
-908492204.8955439 -910544862.0413008 -913109274.7623168 -916284670.8706384 -920173593.7029004 -924872676.0012593 -930459151.3222216 -936973649.6338766 -944401513.4695086 -952656877.7949198 -961575157.9528347 -970919109.3316479 -980400449.0116738 -989713840.5621237 -998575197.4047788 nan nan nan nan nan nan nan nan nan nan nan nan 
-873516883.0711446 -876061291.0367845 -879242766.7650355 -883186397.7705822 -888022405.6996254 -893874956.2879946 -900845562.0886719 -908991601.3840687 -918302557.2216092 -928679141.0360357 -939922393.4849641 -951739526.9883593 -963769545.3001817 -975625212.3711432 -986941608.2182127 -997418814.802274 nan nan nan nan nan nan nan nan nan nan nan 
-831766057.2283661 -834837283.2562623 -838682623.6357489 -843457058.2065502 -849323759.1322963 -856441097.3266132 -864942907.5709114 -874912342.8746436 -886352115.1957259 -899157129.1278825 -913098200.7671323 -927825694.9875257 -942897865.1793356 -957830887.5730135 -972159336.4478012 -985491629.0913489 -997547232.5256976 nan nan nan nan nan nan nan nan nan nan 
-784506002.3404255 -788062116.0646949 -792523674.9339187 -798077252.4702768 -804922547.4043088 -813258364.753152 -823260478.2528228 -835051211.1325797 -848663296.653553 -864004439.9230419 -880832710.7155225 -898754069.9679289 -917249622.3789076 -935731404.460098 -953615023.733915 -970390774.2383095 -985675795.5038292 -999237580.6826205 nan nan nan nan nan nan nan nan nan 
-801111374.199709 -801111570.2386643 -801111851.5147839 -801112272.9157783 -801112948.4673373 -801114162.8185023 -801116889.4248232 -801128118.0587174 -806881758.2381687 -824410235.0771856 -843880988.1852612 -864875739.3122144 -886826991.0033478 -909056404.7382314 -930854711.7249948 -951569183.9899737 -970676044.2274711 -987822378.8312008 nan nan nan nan nan nan nan nan nan 
-846005734.3895326 -846005772.3672869 -846005821.6046183 -846005885.6555035 -846005969.4729271 -846006080.3027133 -846006229.5404716 -846006437.039545 -846006742.570885 -846007242.9042222 -846008258.2795775 -846011868.5751388 -852827186.7929409 -878369489.0331854 -903941779.3679093 -928737219.8365657 -952057001.1493394 -973370317.5467874 -992346263.5069606 nan nan nan nan nan nan nan nan 
-880766970.784433 -880766998.6173445 -880767033.8772876 -880767078.3390027 -880767134.1043869 -880767203.6395591 -880767289.8464072 -880767396.2481123 -880767527.4916391 -880767690.6853278 -880767899.028147 -880768182.6496645 -880768628.8968027 -880769617.7743448 -880778026.1429453 -902312921.2397107 -929664198.7742198 -955391875.1031123 -978930718.4162759 -999868854.0995717 nan nan nan nan nan nan nan 
-907681409.6435095 -907681438.3376404 -907681474.4725517 -907681519.6742424 -907681575.7548453 -907681644.6445274 -907681728.2794039 -907681828.4541606 -907681946.679668 -907682084.1433346 -907682241.9731457 -907682422.2243624 -907682630.6323986 -907682884.6116047 -907683243.0013282 -907683992.8148005 -907695460.0319986 -933768983.4597813 -961976771.9776402 -988209406.6776346 nan nan nan nan nan nan nan 
-928520222.2721751 -928520254.5036951 -928520295.0242586 -928520345.5970105 -928520408.1496211 -928520484.6695951 -928520577.0328788 -928520686.7639879 -928520814.7501609 -928520960.9706597 -928521124.349933 -928521302.8917791 -928521494.307795 -928521697.5089586 -928521916.0160266 -928522167.7610692 -928522528.8791541 -928523608.4878782 -941190780.7111683 -972739519.3998892 nan nan nan nan nan nan nan 
-944654864.6264615 -944654901.4694741 -944654947.7615536 -944655005.4946893 -944655076.8329366 -944655163.9831983 -944655268.9846268 -944655393.4118807 -944655538.0132836 -944655702.3446496 -944655884.5037059 -944656081.0988096 -944656287.5783098 -944656499.0070931 -944656711.3780539 -944656923.8408798 -944657143.8480084 -944657407.1751937 -944657948.6045974 -952562719.6632397 -990893137.1516043 nan nan nan nan nan nan 
-957147232.0536315 -957147274.0230702 -957147326.7453825 -957147392.4799199 -957147473.6754756 -957147572.8193103 -957147692.1916438 -957147833.5193146 -957147997.5514061 -957148183.6237844 -957148389.3275619 -957148610.4238057 -957148841.1248219 -957149074.7815293 -957149304.9134933 -957149526.4904805 -957149737.6188666 -957149943.0053346 -957150167.8592814 -957150589.4472139 -971261307.3427756 nan nan nan nan nan nan 
-966819522.9009991 -966819570.1938381 -966819629.5983834 -966819703.656079 -966819795.1188687 -966819906.7774265 -966820041.1821198 -966820200.2492723 -966820384.7781155 -966820593.9531529 -966820824.9602598 -966821072.8740672 -966821330.9458644 -966821591.3216151 -966821846.0818532 -966822088.3985245 -966822313.6478114 -966822520.6449416 -966822714.4417531 -966822920.5597363 -966823409.4647839 nan nan nan nan nan nan 
-974308341.5062058 -974308394.079546 -974308460.114439 -974308542.4338951 -974308644.0934887 -974308768.1896591 -974308917.5483571 -974309094.2858479 -974309299.2695534 -974309531.5619762 -974309787.9898019 -974310063.0124192 -974310349.0313855 -974310637.1690053 -974310918.384779 -974311184.6744416 -974311430.0934796 -974311651.5151446 -974311849.4792563 -974312031.2242203 -974312234.7853642 nan nan nan nan nan nan 
-980106590.4768188 -980106648.0947299 -980106720.4645714 -980106810.679095 -980106922.0852011 -980107058.073451 -980107221.7363113 -980107415.3860387 -980107639.9628375 -980107894.4240882 -980108175.2703329 -980108476.3985509 -980108789.4369965 -980109104.5907462 -980109411.8501395 -980109702.2732292 -980109969.0350481 -980110208.0693865 -980110418.4006972 -980110602.8737578 -980110772.9375473 -983548380.9097368 nan nan nan nan nan 
-984595907.1504402 -984595969.4308228 -984596047.6561643 -984596145.1688725 -984596265.585676 -984596412.5699084 -984596589.4618102 -984596798.7570353 -984597041.4664259 -984597316.4552035 -984597619.9297743 -984597945.27796 -984598283.4290336 -984598623.7643125 -984598955.4169234 -984599268.6449476 -984599555.9369668 -984599812.6358746 -984600037.1537308 -984600156.706967 -984747413.9294851 -985970770.0379051 nan nan nan nan nan 
-988071778.57369 -988071845.0386362 -988071928.5194764 -988072032.5828451 -988072161.0879195 -988072317.9432843 -988072506.7122493 -988072730.0561249 -988072989.0507246 -988073282.4808662 -988073606.2922972 -988073953.420638 -988074314.1747316 -988074677.2068292 -988075030.8967123 -988075364.7990396 -988075675.8297006 -988074998.4898002 -988158127.069065 -988739607.0927778 -987391870.7659616 -991290660.5839676 nan nan nan nan nan 
