329701.51587578276 329701.51587578276 329701.51587578276 329701.51587578276 329701.51587578276 329701.51587578276 329701.51587578276 329701.51587578276 329701.51587578276 329701.51587578276 329701.51587578276 329701.51587578276 329701.51587578276 329701.51587578276 329701.51587578276 329701.51587578276 329701.51587578276 329701.51587578276 329701.51587578276 329701.51587578276 329701.51587578276 329701.51587578276 329701.51587578276 329701.51587578276 329701.51587578276 329701.51587578276 329701.51587578276 
329701.51587578276 329701.51587578276 329701.51587578276 329701.51587578276 329701.51587578276 329701.51587578276 329701.51587578276 329701.51587578276 329701.51587578276 329701.51587578276 329701.51587578276 329701.51587578276 329701.51587578276 329701.51587578276 329701.51587578276 329701.51587578276 329701.51587578276 329701.51587578276 329701.51587578276 329701.51587578276 329701.51587578276 329701.51587578276 329701.51587578276 329701.51587578276 329701.51587578276 329701.51587578276 329701.51587578276 
329701.51587578276 329701.51587578276 329701.51587578276 329701.51587578276 329701.51587578276 329701.51587578276 329701.51587578276 329701.51587578276 329701.51587578276 329701.51587578276 329701.51587578276 329701.51587578276 329701.51587578276 329701.51587578276 329701.51587578276 329701.51587578276 329701.51587578276 329701.51587578276 329701.51587578276 329701.51587578276 329701.51587578276 329701.51587578276 329701.51587578276 329701.51587578276 329701.51587578276 329701.51587578276 329701.51587578276 
329701.51587578276 329701.51587578276 329701.51587578276 329701.51587578276 329701.51587578276 329701.51587578276 329701.51587578276 329701.51587578276 329701.51587578276 329701.51587578276 329701.51587578276 329701.51587578276 329701.51587578276 329701.51587578276 329701.51587578276 329701.51587578276 329701.51587578276 329701.51587578276 329701.51587578276 329701.51587578276 329701.51587578276 329701.51587578276 329701.51587578276 329701.51587578276 329701.51587578276 329701.51587578276 329701.51587578276 
329701.51587578276 329701.51587578276 329701.51587578276 329701.51587578276 329701.51587578276 329701.51587578276 329701.51587578276 329701.51587578276 329701.51587578276 329701.51587578276 329701.51587578276 329701.51587578276 329701.51587578276 329701.51587578276 329701.51587578276 329701.51587578276 329701.51587578276 329701.51587578276 329701.51587578276 329701.51587578276 329701.51587578276 329701.51587578276 329701.51587578276 329701.51587578276 329701.51587578276 329701.51587578276 329701.51587578276 
329701.51587578276 329701.51587578276 329701.51587578276 329701.51587578276 329701.51587578276 329701.51587578276 329701.51587578276 329701.51587578276 329701.51587578276 329701.51587578276 329701.51587578276 329701.51587578276 329701.51587578276 329701.51587578276 329701.51587578276 329701.51587578276 329701.51587578276 329701.51587578276 329701.51587578276 329701.51587578276 329701.51587578276 329701.51587578276 329701.51587578276 329701.51587578276 329701.51587578276 329701.51587578276 329701.51587578276 
329701.51587578276 329701.51587578276 329701.51587578276 329701.51587578276 329701.51587578276 329701.51587578276 329701.51587578276 329701.51587578276 329701.51587578276 329701.51587578276 329701.51587578276 329701.51587578276 329701.51587578276 329701.51587578276 329701.51587578276 329701.51587578276 329701.51587578276 329701.51587578276 329701.51587578276 329701.51587578276 329701.51587578276 329701.51587578276 329701.51587578276 329701.51587578276 329701.51587578276 329701.51587578276 329701.51587578276 
329701.51587578276 329701.51587578276 329701.51587578276 329701.51587578276 329701.51587578276 329701.51587578276 329701.51587578276 329701.51587578276 329701.51587578276 329701.51587578276 329701.51587578276 329701.51587578276 329701.51587578276 329701.51587578276 329701.51587578276 329701.51587578276 329701.51587578276 329701.51587578276 329701.51587578276 329701.51587578276 329701.51587578276 329701.51587578276 329701.51587578276 329701.51587578276 329701.51587578276 329701.51587578276 329701.51587578276 
329701.51587578276 329701.51587578276 329701.51587578276 329701.51587578276 329701.51587578276 329701.51587578276 329701.51587578276 329701.51587578276 329701.51587578276 329701.51587578276 329701.51587578276 329701.51587578276 329701.51587578276 329701.51587578276 329701.51587578276 329701.51587578276 329701.51587578276 329701.51587578276 329701.51587578276 329701.51587578276 329701.51587578276 329701.51587578276 329701.51587578276 329701.51587578276 329701.51587578276 329701.51587578276 329701.51587578276 
329701.51587578276 329701.51587578276 329701.51587578276 329701.51587578276 329701.51587578276 329701.51587578276 329701.51587578276 329701.51587578276 329701.51587578276 329701.51587578276 329701.51587578276 329701.51587578276 329701.51587578276 329701.51587578276 329701.51587578276 329701.51587578276 329701.51587578276 329701.51587578276 329701.51587578276 329701.51587578276 329701.51587578276 329701.51587578276 329701.51587578276 329701.51587578276 329701.51587578276 329701.51587578276 329701.51587578276 
329701.51587578276 329701.51587578276 329701.51587578276 329701.51587578276 329701.51587578276 329701.51587578276 329701.51587578276 329701.51587578276 329701.51587578276 329701.51587578276 329701.51587578276 329701.51587578276 329701.51587578276 329701.51587578276 329701.51587578276 329701.51587578276 329701.51587578276 329701.51587578276 329701.51587578276 329701.51587578276 329701.51587578276 329701.51587578276 329701.51587578276 329701.51587578276 329701.51587578276 329701.51587578276 329701.51587578276 
329701.51587578276 329701.51587578276 329701.51587578276 329701.51587578276 329701.51587578276 329701.51587578276 329701.51587578276 329701.51587578276 329701.51587578276 329701.51587578276 329701.51587578276 329701.51587578276 329701.51587578276 329701.51587578276 329701.51587578276 329701.51587578276 329701.51587578276 329701.51587578276 329701.51587578276 329701.51587578276 329701.51587578276 329701.51587578276 329701.51587578276 329701.51587578276 329701.51587578276 329701.51587578276 329701.51587578276 
329701.51587578276 329701.51587578276 329701.51587578276 329701.51587578276 329701.51587578276 329701.51587578276 329701.51587578276 329701.51587578276 329701.51587578276 329701.51587578276 329701.51587578276 329701.51587578276 329701.51587578276 329701.51587578276 329701.51587578276 329701.51587578276 329701.51587578276 329701.51587578276 329701.51587578276 329701.51587578276 329701.51587578276 329701.51587578276 329701.51587578276 329701.51587578276 329701.51587578276 329701.51587578276 329701.51587578276 
329701.5158757827 329701.5158757827 329701.5158757827 329701.5158757827 329701.5158757827 329701.5158757827 329701.5158757827 329701.5158757827 329701.51587578276 329701.51587578276 329701.51587578276 329701.51587578276 329701.51587578276 329701.51587578276 329701.51587578276 329701.51587578276 329701.51587578276 329701.51587578276 329701.51587578276 329701.51587578276 329701.51587578276 329701.51587578276 329701.51587578276 329701.51587578276 329701.51587578276 329701.51587578276 329701.51587578276 
329701.5158757827 329701.5158757827 329701.5158757827 329701.5158757827 329701.5158757827 329701.5158757827 329701.5158757827 329701.5158757827 329701.5158757827 329701.5158757827 329701.5158757827 329701.51587578276 329701.51587578276 329701.51587578276 329701.51587578276 329701.51587578276 329701.51587578276 329701.51587578276 329701.51587578276 329701.51587578276 329701.51587578276 329701.51587578276 329701.51587578276 329701.51587578276 329701.51587578276 329701.51587578276 329701.51587578276 
329701.5158757827 329701.5158757827 329701.5158757827 329701.5158757827 329701.5158757827 329701.5158757827 329701.5158757827 329701.5158757827 329701.5158757827 329701.5158757827 329701.5158757827 329701.5158757827 329701.5158757827 329701.51587578276 329701.51587578276 329701.51587578276 329701.51587578276 329701.51587578276 329701.51587578276 329701.51587578276 329701.51587578276 329701.51587578276 329701.51587578276 329701.51587578276 329701.51587578276 329701.51587578276 329701.51587578276 
329701.5158757824 329701.5158757827 329701.5158757827 329701.5158757827 329701.5158757827 329701.5158757827 329701.5158757827 329701.5158757827 329701.5158757827 329701.5158757827 329701.5158757827 329701.5158757827 329701.5158757827 329701.5158757827 329701.51587578276 329701.51587578276 329701.51587578276 329701.51587578276 329701.51587578276 329701.51587578276 329701.51587578276 329701.51587578276 329701.51587578276 329701.51587578276 329701.51587578276 329701.51587578276 329701.51587578276 
329108.7369697284 329160.88840413326 329225.8158594971 329305.8665534716 329403.3869277747 329520.46817564714 329658.5900667778 329701.51587578113 329701.5158757827 329701.5158757827 329701.5158757827 329701.5158757827 329701.5158757827 329701.5158757827 329701.5158757827 329701.5158757827 329701.51587578276 329701.51587578276 329701.51587578276 329701.51587578276 329701.51587578276 329701.51587578276 329701.51587578276 329701.51587578276 329701.51587578276 329701.51587578276 329701.51587578276 
327746.6198701577 327834.1994722753 327943.25035657245 328077.7264356323 328241.5860296197 328438.36566088046 328670.5891581053 328939.05654632405 329242.13115378376 329575.2186324678 329701.5158757827 329701.5158757827 329701.5158757827 329701.5158757827 329701.5158757827 329701.5158757827 329701.5158757827 329701.51587578276 329701.51587578276 329701.51587578276 329701.51587578276 329701.51587578276 329701.51587578276 329701.51587578276 329701.51587578276 329701.51587578276 329701.51587578276 
325210.46298467903 325356.62000657077 325538.64975834993 325763.1812042833 326036.86494160985 326365.66473045456 326753.87195543956 327202.9150992955 327710.15986274154 328268.0226472492 328863.77757883375 329480.34314582136 329701.5158757827 329701.5158757827 329701.5158757827 329701.5158757827 329701.5158757827 329701.5158757827 329701.51587578276 329701.51587578276 329701.51587578276 329701.51587578276 329701.51587578276 329701.51587578276 329701.51587578276 329701.51587578276 329701.51587578276 
320672.42215135664 320914.3768878735 321215.82233964035 321587.81193220074 322041.4722040701 322586.83733224805 323231.2191967421 323977.22670158296 324820.75294503156 325749.4630537454 326742.4184119276 327771.32634599117 328803.45979297755 329701.5114650144 329701.5158757827 329701.5158757827 329701.5158757827 329701.5158757827 329701.5158757827 329701.51587578276 329701.51587578276 329701.51587578276 329701.51587578276 329701.51587578276 329701.51587578276 329701.51587578276 329701.51587578276 
312798.75040066 313194.68040390214 313688.23596076324 314297.7135788621 315041.6279402028 315936.8246977347 316995.8183044953 318223.5260807168 319613.9056117737 321147.36298953154 322789.9883251628 324495.45939116884 326209.7401113943 327877.7051099413 329450.03861047415 329701.5158757827 329701.5158757827 329701.5158757827 329701.5158757827 329701.51587578276 329701.51587578276 329701.51587578276 329701.51587578276 329701.51587578276 329701.51587578276 329701.51587578276 329701.51587578276 
299524.7210656595 300161.28628755116 300955.51925988 301937.37516938697 303137.41695868276 304583.8358679922 306298.1889971526 308290.09004928847 310551.629702724 313052.90566280985 315740.39908260736 318539.65305635857 321362.59971313045 324118.25454701396 326724.14138583996 329115.5134444539 329701.5158757827 329701.5158757827 329701.5158757827 329701.5158757827 329701.51587578276 329701.51587578276 329701.51587578276 329701.51587578276 329701.51587578276 329701.51587578276 329701.51587578276 
277855.68231830804 278851.5204594254 280095.74720116006 281636.55490404216 283523.73386444827 285804.16043990426 288515.19337479415 291676.24845266074 295279.6614461986 299282.9469817214 303605.2486628202 308130.50868279603 312718.2673149108 317220.40862106136 321499.8138161156 325446.1097414692 328984.9588090514 329701.5158757827 329701.5158757827 329701.5158757827 329701.51587578276 329701.51587578276 329701.51587578276 329701.51587578276 329701.51587578276 329701.51587578276 329701.51587578276 
243914.29440295312 245408.0066559334 247278.26661664055 249600.4350295057 252453.8004762432 255915.2042626323 260049.36024691182 264896.0391930153 270455.51170590817 276675.2360814572 283442.09743090265 290584.53322760726 297886.803907912 305113.75519400724 312040.3763489264 318478.52666803723 324294.50448644307 329414.7808508195 329701.5158757827 329701.5158757827 329701.5158757827 329701.51587578276 329701.51587578276 329701.51587578276 329701.51587578276 329701.51587578276 329701.51587578276 
227345.89296354091 227418.91478033736 227513.44078529876 227635.89104541653 227794.6711903804 228000.86201875488 228269.3419623819 228622.64086664014 231941.48036941292 241160.94015662558 251319.62012789992 262177.5673342911 273424.3613577635 284703.8223322845 295657.43821966316 305968.2592258375 315394.0426638608 323783.2722000646 329701.5158757827 329701.5158757827 329701.5158757827 329701.51587578276 329701.51587578276 329701.51587578276 329701.51587578276 329701.51587578276 329701.51587578276 
227252.2445762267 227298.06969991355 227357.38142029924 227434.19705835258 227533.7632762452 227662.95462274418 227830.8167233119 228049.31746369426 228334.40550623625 228707.54129717598 229198.019044607 229847.29280234774 234970.07322716364 251806.798966371 268496.25012660946 284519.87748248404 299447.3115847049 312969.37218322087 324911.034012014 329701.5158757827 329701.5158757827 329701.51587578276 329701.51587578276 329701.51587578276 329701.51587578276 329701.51587578276 329701.51587578276 
227194.86951825971 227223.95762827503 227261.60623905476 227310.36505958624 227373.56380050362 227455.56479546067 227562.10699486133 227700.78087171091 227881.69524839596 228118.43314585235 228429.45676993276 228840.23701892298 229386.60934894194 230120.3959306468 231123.7101197465 249485.8499551072 272240.39177578693 293435.07749517437 312648.6097072606 329595.7631633772 329701.5158757827 329701.5158757827 329701.51587578276 329701.51587578276 329701.51587578276 329701.51587578276 329701.51587578276 
227159.26874417253 227177.96018896427 227202.15238400275 227233.4836549193 227274.09347473807 227326.78472613572 227395.24460412492 227484.34947874508 227600.59271544468 227752.69734651287 227952.51515728305 228216.38519730838 228567.2592733286 229038.16927810648 229678.1807170206 230563.3557437142 231827.9231903106 259942.13341273757 289864.68518112233 317409.98666904453 329701.5158757827 329701.5158757827 329701.51587578276 329701.51587578276 329701.51587578276 329701.51587578276 329701.51587578276 
227136.9687203418 227149.14490450005 227164.90442501032 227185.31451295462 227211.7688384843 227246.09319001803 227290.68932877126 227348.73348390404 227424.4548279295 227523.53410240944 227653.68819935346 227825.55251786928 228054.0591231801 228360.67848990049 228777.24728937744 229352.901620281 230167.60438675765 231361.5547582591 249815.23738385295 292904.33625511586 329701.5158757827 329701.5158757827 329701.51587578276 329701.51587578276 329701.51587578276 329701.51587578276 329701.51587578276 
227122.8534945455 227130.90482208633 227141.3255672484 227154.8214084154 227172.31386571162 227195.01016950683 227224.49836157652 227262.87850495073 227312.9467326273 227378.45863892004 227464.51538980473 227578.1461594887 227729.2169988167 227931.90710746183 228207.22393344494 228587.54203182296 229125.39768168458 229912.15393206256 231122.8790582164 246613.6899542911 313888.52998214215 329701.5158757827 329701.51587578276 329701.51587578276 329701.51587578276 329701.51587578276 329701.51587578276 
227113.81212462916 227119.2209988312 227126.22163696057 227135.28810462443 227147.0394629187 227162.2867005645 227182.09661255387 227207.87992691674 227241.51490812667 227285.5242178787 227343.3341162214 227419.6653134132 227521.14253001363 227657.28373973066 227842.18327552173 228097.54294581356 228458.52574069047 228986.1085330383 229796.40805736126 231143.07313562877 264916.8182762023 329701.5158757827 329701.51587578276 329701.51587578276 329701.51587578276 329701.51587578276 329701.51587578276 
227107.942838297 227111.63621922152 227116.4165090245 227122.60741092713 227130.63163166662 227141.04292513762 227154.56970524602 227172.1752113644 227195.14188906143 227225.1921163883 227264.66510942025 227316.78361690562 227386.06969716598 227479.01909786102 227605.24767440738 227779.55327512306 228025.8894558397 228385.72272571095 228937.75624741998 229852.65900302172 231588.60053050215 329701.5158757827 329701.51587578276 329701.51587578276 329701.51587578276 329701.51587578276 329701.51587578276 
227104.07639987208 227106.63963713567 227109.95719238167 227114.25371295866 227119.82255170034 227127.0480030555 227136.43556676322 227148.65369662794 227164.5923497182 227185.4467498302 227212.8401179745 227249.00866736763 227297.089942416 227361.59032691026 227449.1793457116 227570.11702622293 227741.00104456913 227990.53173910466 228373.06712815026 229005.97097587038 230200.8185476408 329701.5158757827 329701.51587578276 329701.51587578276 329701.51587578276 329701.51587578276 329701.51587578276 
227101.4891125557 227103.29607586766 227105.63479311933 227108.6636255461 227112.58936533693 227117.68290912663 227124.300589512 227132.91360123543 227144.14926812798 227158.85007941077 227178.16018504376 227203.6557598983 227237.54816206597 227283.01325068786 227344.75069202116 227429.9884567472 227550.41437216598 227726.22368349822 227995.61229390703 228440.81280810846 229278.64587104198 248331.17396524746 329701.51587578276 329701.51587578276 329701.51587578276 329701.51587578276 329701.51587578276 
227099.72945075412 227101.02204906242 227102.69502899237 227104.86166887748 227107.66988889064 227111.31346138293 227116.04726768314 227122.2083442149 227130.2453969136 227140.7610236167 227154.57357297034 227172.81037157628 227197.05299354933 227229.5727028235 227273.73022152064 227334.69342157885 227420.81653362955 227546.52742014336 227739.08808733348 228056.87715256662 228828.1476632908 242607.18678587244 329701.51587578375 329701.5158757835 329701.5158757835 329701.51587578293 329701.51587578276 
227098.51302159816 227099.4500425344 227100.66280255246 227102.23341462004 227104.26910142926 227106.910320375 227110.3418212736 227114.80789980496 227120.6337882761 227128.25625654822 227138.26844391372 227151.4874226785 227169.0594711913 227192.63067361654 227224.63653821632 227268.82179785828 227331.2421631631 227422.4971948035 227720.24008172168 228530.2117853383 227904.5479577533 256357.66386700718 329701.5158757841 329701.51587578637 329701.5158757871 329701.51587578846 329701.5158757893 
