nan nan nan nan nan nan nan nan nan nan nan nan nan nan nan nan nan nan nan nan nan nan nan nan nan nan nan 
nan nan nan nan nan nan nan nan nan nan nan nan nan nan nan nan nan nan nan nan nan nan nan nan nan nan nan 
nan nan nan nan nan nan nan nan nan nan nan nan nan nan nan nan nan nan nan nan nan nan nan nan nan nan nan 
nan nan nan nan nan nan nan nan nan nan nan nan nan nan nan nan nan nan nan nan nan nan nan nan nan nan nan 
nan nan nan nan nan nan nan nan nan nan nan nan nan nan nan nan nan nan nan nan nan nan nan nan nan nan nan 
nan nan nan nan nan nan nan nan nan nan nan nan nan nan nan nan nan nan nan nan nan nan nan nan nan nan nan 
nan nan nan nan nan nan nan nan nan nan nan nan nan nan nan nan nan nan nan nan nan nan nan nan nan nan nan 
nan nan nan nan nan nan nan nan nan nan nan nan nan nan nan nan nan nan nan nan nan nan nan nan nan nan nan 
nan nan nan nan nan nan nan nan nan nan nan nan nan nan nan nan nan nan nan nan nan nan nan nan nan nan nan 
nan nan nan nan nan nan nan nan nan nan nan nan nan nan nan nan nan nan nan nan nan nan nan nan nan nan nan 
nan nan nan nan nan nan nan nan nan nan nan nan nan nan nan nan nan nan nan nan nan nan nan nan nan nan nan 
nan nan nan nan nan nan nan nan nan nan nan nan nan nan nan nan nan nan nan nan nan nan nan nan nan nan nan 
nan nan nan nan nan nan nan nan nan nan nan nan nan nan nan nan nan nan nan nan nan nan nan nan nan nan nan 
nan nan nan nan nan nan nan nan nan nan nan nan nan nan nan nan nan nan nan nan nan nan nan nan nan nan nan 
nan nan nan nan nan nan nan nan nan nan nan nan nan nan nan nan nan nan nan nan nan nan nan nan nan nan nan 
nan nan nan nan nan nan nan nan nan nan nan nan nan nan nan nan nan nan nan nan nan nan nan nan nan nan nan 
nan nan nan nan nan nan nan nan nan nan nan nan nan nan nan nan nan nan nan nan nan nan nan nan nan nan nan 
-996798211.6979425 -997488619.5880619 -998349887.7752373 -999414290.300929 -999999974.1845287 nan nan nan nan nan nan nan nan nan nan nan nan nan nan nan nan nan nan nan nan nan nan 
-984561011.0006821 -985449173.3492594 -986557247.6778677 -987927005.8600188 -989601090.8216052 -991618895.4740424 -994010670.5864906 -996790183.155733 -999898589.1897545 nan nan nan nan nan nan nan nan nan nan nan nan nan nan nan nan nan nan 
-968871864.2310742 -970010964.9426776 -971432349.931602 -973189775.2783812 -975338201.5281289 -977928527.4328974 -981000040.3149403 -984570982.4063388 -988628575.7891612 -993120912.2847569 -997953769.4966415 nan nan nan nan nan nan nan nan nan nan nan nan nan nan nan nan 
-948871650.4945045 -950325115.3001634 -952139273.1230519 -954383100.643309 -957127296.5704696 -960437603.0897299 -964365188.7687341 -968934574.7505689 -974130788.8640189 -979888805.0309976 -986089196.8775595 -992563429.5210418 -999109840.8368053 nan nan nan nan nan nan nan nan nan nan nan nan nan nan 
-923622191.9316871 -925460937.8135154 -927757037.1331282 -930598552.5743814 -934076112.824982 -938274551.5110971 -943260777.7011415 -949068429.2974273 -955681379.6821135 -963019935.842766 -970934743.4928232 -979212875.2433578 -987597653.3149654 -995819126.5365934 nan nan nan nan nan nan nan nan nan nan nan nan nan 
-892262783.0259593 -894556250.3834174 -897422292.2490755 -900972375.5454323 -905321961.3680954 -910580263.035727 -916835204.6452024 -924134148.0877895 -932462842.2978344 -941727313.0392538 -951745030.7585529 -962251228.3940635 -972922746.520158 -983415972.7552887 -993409939.0050945 nan nan nan nan nan nan nan nan nan nan nan nan 
-854363317.5052092 -857159126.6272361 -860657012.2127084 -864996020.5578191 -870321635.9376625 -876773687.5219733 -884468227.3094747 -893473833.978586 -903785066.9208432 -915298657.1578023 -927800284.4680605 -940969643.1771234 -954407579.129039 -967681978.5628054 -980381886.7117594 -992165987.23515 nan nan nan nan nan nan nan nan nan nan nan 
-810581817.2899085 -813868990.4966273 -817988996.0763915 -823111083.8185512 -829415003.4089181 -837077585.8084539 -846251957.9050531 -857039482.6237993 -869457094.4619234 -883406205.933911 -898652523.8801725 -914826752.0029521 -931452291.9540193 -947997825.271005 -963943366.0451176 -978842977.60687 -992368959.3008331 nan nan nan nan nan nan nan nan nan nan 
-763627544.9312918 -767286420.7851213 -771884226.9811816 -777618848.6397283 -784704862.8289211 -793360139.8205061 -803783918.6905403 -816125719.7029283 -830447081.9751201 -846682113.9226173 -864607097.3478634 -883831498.77021 -903819983.2902609 -923946522.5134717 -943570297.2460933 -962114572.24405 -979128878.3642375 -994321914.3300276 nan nan nan nan nan nan nan nan nan 
-719122179.8277082 -722888077.2162868 -727636912.3516668 -733585851.2102256 -740976706.2197733 -750064792.3671958 -761098860.1401948 -774290424.2210126 -789772976.440038 -807555506.1366438 -827479844.7797344 -849195490.1057316 -872165489.2480383 -895710261.0290099 -919084076.8233491 -941566744.4835049 -962547445.9919112 -981581581.676542 -998412121.7034203 nan nan nan nan nan nan nan nan 
-685257761.163001 -688753978.3953365 -693181401.9520468 -698757315.8199415 -705731084.5757143 -714377615.6403046 -724982943.1497953 -737819347.5118046 -753108578.8135959 -770974653.9001842 -791392493.2614206 -814144243.4424896 -838798691.326822 -864727172.4843129 -891160169.9192748 -917275207.6656916 -942295289.9466504 -965574053.2694733 -986650047.2412621 nan nan nan nan nan nan nan nan 
-670080862.6010845 -672953516.0757821 -676607648.5081172 -681235970.4330335 -687066414.1650395 -694361015.5205181 -703409429.4147601 -714514400.142564 -727966561.2440047 -744007136.8103701 -762780066.0367817 -784279857.7562995 -808306904.396378 -834445249.9384209 -862075611.2789638 -890427579.3480192 -918662361.9257102 -945967280.4902462 -971640535.3659551 -995149975.1764858 nan nan nan nan nan nan nan 
-698105376.6410885 -698123667.9061079 -698147298.1050045 -698177827.8966389 -698217275.6903799 -698268455.491416 -701824926.5531095 -710259006.8188977 -720647653.917233 -733291267.0102537 -748459042.5875013 -766348161.3499706 -787037397.6168661 -810444069.8500334 -836296302.0395737 -864131640.383466 -893327010.1823521 -923155719.428607 -952859098.7179586 -981717310.6932855 nan nan nan nan nan nan nan 
-764062847.7614677 -764071769.1969959 -764083295.2200768 -764098187.5695788 -764117431.6576134 -764142302.8469045 -764174452.7680429 -764216022.0037744 -764269787.6424347 -764339357.2401338 -764429425.0444127 -765089162.20938 -780498126.1200821 -798726329.3868201 -819780986.1111307 -843657198.394078 -870234947.0527086 -899298733.6040673 -930581974.1591012 -963834823.2165018 -998917291.2088785 nan nan nan nan nan nan 
-816270871.2173531 -816275226.9162941 -816280854.4153466 -816288125.7770023 -816297522.3887999 -816309667.4075942 -816325368.0470186 -816345670.8378402 -816371934.0809102 -816405923.2433441 -816449937.2366246 -816506976.7046847 -816580970.2014052 -816677081.3855627 -817181559.8612237 -834618648.1388426 -855242720.4111328 -879343398.8779277 -907550593.9468205 -941080421.285239 -982839512.2977517 nan nan nan nan nan nan 
-857240815.4146734 -857242953.129216 -857245715.0743427 -857249283.9004323 -857253895.9490621 -857259857.2016633 -857267564.076649 -857277530.6231185 -857290424.2025766 -857307112.5157875 -857328725.9303846 -857356740.6728203 -857393090.8548616 -857440320.9948597 -857501796.5014877 -857581998.9867792 -857686948.9547962 -869542468.6363208 -890313133.3296549 -917217698.7544631 -956865551.5887892 nan nan nan nan nan nan 
-889224127.2441409 -889225185.331425 -889226552.4037888 -889228318.880365 -889230601.7661343 -889233552.5535024 -889237367.5289354 -889242301.2545134 -889248684.2657076 -889256946.4099531 -889267647.8016931 -889281520.1782525 -889299522.6545801 -889322917.7412541 -889353376.4367707 -889001118.4596893 -890352708.4186587 -902668363.4685258 -918996579.3662262 -931393641.4261019 -938798297.3304834 nan nan nan nan nan nan 
-914112917.3870947 -914113446.9233618 -914114131.1004543 -914115015.174295 -914116157.7093438 -914117634.5353532 -914119543.9093527 -914122013.269238 -914125208.101951 -914129343.642322 -914134700.3967304 -914141644.8942616 -914150657.6822995 -914162486.112079 -915376146.4419354 -914391131.4996424 -914224614.5782777 -925441162.9410545 -937460675.1318599 -947300664.5020621 -953637873.8074552 -957135383.0964938 nan nan nan nan nan 
-933443550.3001345 -933443818.8131407 -933444165.741526 -933444614.0345974 -933445193.3910358 -933445942.2659476 -933446910.4895458 -933448162.6936952 -933449782.8120812 -933451880.018069 -933454596.6059804 -933458118.5298722 -933230178.4826068 -931652831.7484949 -933560026.3680313 -932802855.0452869 -935531673.4772508 -943726141.2273517 -952029792.5889395 -959102594.4536738 -963350040.0350925 -967052577.2948389 nan nan nan nan nan 
-948439599.4212673 -948439737.5881132 -948439916.105024 -948440146.7812648 -948440444.8993801 -948440830.2481687 -948441328.4705195 -948441972.827202 -948442806.5135261 -948443885.7165058 -948445283.6732534 -948059362.194392 -949199467.3722099 -949499617.7228868 -950540273.9248518 -961851562.545307 -948504390.515716 -954930310.0879886 -960429740.6517601 -966403962.6043743 -970876804.2479906 -974278167.5616268 nan nan nan nan nan 
