nan nan nan nan nan nan nan nan nan nan nan nan nan nan nan nan nan nan nan nan nan nan nan nan nan nan nan 
nan nan nan nan nan nan nan nan nan nan nan nan nan nan nan nan nan nan nan nan nan nan nan nan nan nan nan 
nan nan nan nan nan nan nan nan nan nan nan nan nan nan nan nan nan nan nan nan nan nan nan nan nan nan nan 
nan nan nan nan nan nan nan nan nan nan nan nan nan nan nan nan nan nan nan nan nan nan nan nan nan nan nan 
nan nan nan nan nan nan nan nan nan nan nan nan nan nan nan nan nan nan nan nan nan nan nan nan nan nan nan 
nan nan nan nan nan nan nan nan nan nan nan nan nan nan nan nan nan nan nan nan nan nan nan nan nan nan nan 
nan nan nan nan nan nan nan nan nan nan nan nan nan nan nan nan nan nan nan nan nan nan nan nan nan nan nan 
nan nan nan nan nan nan nan nan nan nan nan nan nan nan nan nan nan nan nan nan nan nan nan nan nan nan nan 
nan nan nan nan nan nan nan nan nan nan nan nan nan nan nan nan nan nan nan nan nan nan nan nan nan nan nan 
nan nan nan nan nan nan nan nan nan nan nan nan nan nan nan nan nan nan nan nan nan nan nan nan nan nan nan 
nan nan nan nan nan nan nan nan nan nan nan nan nan nan nan nan nan nan nan nan nan nan nan nan nan nan nan 
nan nan nan nan nan nan nan nan nan nan nan nan nan nan nan nan nan nan nan nan nan nan nan nan nan nan nan 
nan nan nan nan nan nan nan nan nan nan nan nan nan nan nan nan nan nan nan nan nan nan nan nan nan nan nan 
nan nan nan nan nan nan nan nan nan nan nan nan nan nan nan nan nan nan nan nan nan nan nan nan nan nan nan 
nan nan nan nan nan nan nan nan nan nan nan nan nan nan nan nan nan nan nan nan nan nan nan nan nan nan nan 
nan nan nan nan nan nan nan nan nan nan nan nan nan nan nan nan nan nan nan nan nan nan nan nan nan nan nan 
nan nan nan nan nan nan nan nan nan nan nan nan nan nan nan nan nan nan nan nan nan nan nan nan nan nan nan 
256.6485203300722 256.73630917038383 256.8457760105441 256.9809879157071 257.05532594951046 nan nan nan nan nan nan nan nan nan nan nan nan nan nan nan nan nan nan nan nan nan nan 
254.9717639833888 255.0920903095622 255.24213058176798 255.42748289872947 255.6538334081531 255.92639086488066 256.2490850382711 256.62357722239244 257.0417190046283 nan nan nan nan nan nan nan nan nan nan nan nan nan nan nan nan nan nan 
252.53714755157796 252.70371594985474 252.91143116850571 253.16805278443465 253.48146680504163 253.85890366346143 254.30582851843081 254.82457003351158 255.4128925071381 256.0628680158338 256.7604909220747 nan nan nan nan nan nan nan nan nan nan nan nan nan nan nan nan 
248.9610754462123 249.19379581503676 249.48405305715988 249.84272505965936 250.28088337665972 250.80870391223925 251.4339171013456 252.1598875736972 252.98360728861877 253.89409994966496 254.87185759407748 255.88982579668817 256.9160559406805 nan nan nan nan nan nan nan nan nan nan nan nan nan nan 
243.6650673032206 243.99246203145267 244.40094059104484 244.90591211497724 245.52310821014743 246.26706073759522 247.14892435966732 248.17376302886163 249.3376927974387 250.62557892012163 252.01016835097192 253.45340375007243 254.91011334364094 256.333450273093 nan nan nan nan nan nan nan nan nan nan nan nan nan 
235.80095939666677 236.26247816850395 236.83866033538993 237.55150327588805 238.42359089248257 239.47597645882988 240.72512343547564 242.17905241797249 243.8332273548274 245.66715665408805 247.64296913013828 249.70706755315445 251.7952056374055 253.8401660712566 255.7801866831548 nan nan nan nan nan nan nan nan nan nan nan nan 
224.1921099184761 224.8384664803964 225.64627402874302 226.64700405442932 227.87327321004642 229.35595383235187 231.11992392388765 233.17861492371873 235.52805157412695 238.14172326083713 240.96808736948861 243.93237002735583 246.94332980320877 249.90399550659453 252.72383497126174 255.32922974560006 nan nan nan nan nan nan nan nan nan nan nan 
207.36991605636712 208.25714445295947 209.36789953847997 210.74686305521567 212.44102876924643 214.49592604450783 216.94989520169247 219.82651914178598 223.12603483102532 226.81747925282122 230.83409397596142 235.07453040985092 239.41119325857983 243.7047839493447 247.82173647917787 251.65007404103324 255.10993094714496 nan nan nan nan nan nan nan nan nan nan 
195.44930426251568 195.47920305563605 195.51795549548117 195.568282030698 195.6339588914849 195.72176272688048 196.662632199318 200.54516983046352 205.05181221456212 210.14002942474315 215.73120843959737 221.6964017345182 227.864358950365 234.03962504572578 240.0265876471442 245.6533422306162 250.7894850554303 255.35448197913558 nan nan nan nan nan nan nan nan nan 
199.8999336406593 199.91861896896697 199.94280424422877 199.9741283265642 200.01473204832902 200.0674213996956 200.13589050416954 200.22503161207845 200.34137791803047 200.4937754824441 200.69473115848245 202.11314420747652 210.61685228305305 219.2899373351288 227.84662690491825 236.026665910585 243.61561691002123 250.4631743998171 256.48837504767675 nan nan nan nan nan nan nan nan 
203.3526291866579 203.36448879283304 203.37983887888117 203.39971924762466 203.4254879263264 203.45892432915088 203.502369809713 203.55892184744107 203.6327069932821 203.72927273093592 203.8561650240609 204.02380898305177 204.24692595866105 204.54733900891983 209.40205838663016 220.95976679600122 231.96039060230711 242.13047297389585 251.2840452524494 nan nan nan nan nan nan nan nan 
206.02955442479873 206.0371759239114 206.0470404757151 206.059816221516 206.07637574099624 206.09786229409042 206.12578004080052 206.16211862108122 206.20952810581193 206.27156976612065 206.3530844890707 206.4607502534829 206.60395608260828 206.79623252583121 207.05772960734686 207.42007561640673 213.6442801810638 228.32401986026895 242.028652797999 254.4938891090036 nan nan nan nan nan nan nan 
208.10434605488376 208.10931208586356 208.11573958985127 208.12406386032052 208.13485335909337 208.14885285144763 208.1670421460786 208.1907171892655 208.2216039128922 208.26202134313883 208.31512104542466 208.3852489770453 208.4785114713125 208.60369745792968 208.77385665933514 209.0091679428645 209.34258384100735 209.83416245838654 226.09624729942732 245.10022164168205 nan nan nan nan nan nan nan 
209.71205947996484 209.71534455996024 209.71959635982398 209.72510277701724 209.73223976461952 209.7414998437206 209.75353092648305 209.76918990752858 209.7896178898688 209.81634793692874 209.85146319759008 209.89783572616383 209.9594996651671 210.04225835564145 210.15472057207413 210.310174843861 210.5302323366379 210.85259671372864 211.35014987440542 227.4818239033263 256.17539638025437 nan nan nan nan nan nan 
210.95761469698152 210.9598231344729 210.96268139897512 210.96638297707491 210.9711805143628 210.97740496187603 210.98549164369254 210.99601623794516 211.00974528022954 211.02770849834855 211.05130494768974 211.0824632632933 211.1238919384033 211.17948612750172 211.2550210138793 211.35940317243902 211.5070937399625 211.72324024700248 212.055924299834 212.61104654454834 239.48906551512647 nan nan nan nan nan nan 
211.92245571563433 211.92396537312837 211.92591917660863 211.92844933140728 211.93172844375238 211.93598258707442 211.9415090894707 211.948701084358 211.95808197038622 211.97035476952232 211.9864745502113 212.00775776786298 212.03605298325311 212.07401819883273 212.12559314090396 212.19685044469588 212.29764036232493 212.44506160868048 212.67169116917378 213.04858164789607 213.7691517787668 nan nan nan nan nan nan 
212.66976601146774 212.67081548191175 212.6721736397617 212.67393232807433 212.67621143434593 212.67916795108056 212.68300830827218 212.6880053941848 212.69452244792953 212.7030472867985 212.7142425361725 212.7290214695534 212.74866640968287 212.77502101178325 212.8108175142878 212.8602659954768 212.93019136849946 213.03242740595704 213.18947137939722 213.4501676229426 213.94541455505407 nan nan nan nan nan nan 
213.24854061616676 213.24928227241446 213.25024200426077 213.25148465247514 213.25309483429692 213.25518332313985 213.2578957302287 213.26142448614317 213.26602566205582 213.27204307380023 213.279943666864 213.2903709555904 213.30422845673417 213.32281516133872 213.34805600236456 213.3829165716813 213.432202561684 213.50424051807593 213.61483768637305 213.79821297881278 214.14541440731935 nan nan nan nan nan nan 
213.6967590513944 213.69729146413826 213.69798035298027 213.69887219964178 213.7000276396129 213.70152601819052 213.7034715886041 213.70600206564015 213.70930063707874 213.71361318300856 213.71927356698873 213.72674184743664 213.73666394831918 213.74996854031576 213.7680318068701 213.7929737875093 213.82822923431195 213.8797465364336 213.9588075190375 214.089822294258 214.56561322051544 225.08398562087106 nan nan nan nan nan 
214.0438539962771 214.04424184634317 214.04474361125654 214.04539308593024 214.04623433253897 214.0473249756196 214.04874068292165 214.05058134883035 214.05297978026522 214.05611415650682 214.06022634352732 214.0656495821093 214.07285174089293 214.0825055434816 214.09560797442634 214.11369495348833 214.1392544755961 214.17674306025285 214.26192114817732 214.59502939162087 214.14785885403566 224.9844311650245 nan nan nan nan nan 
