198807.4730027875 198807.4730027875 198807.4730027875 198807.4730027875 198807.4730027875 198807.4730027875 198807.4730027875 198807.4730027875 198807.4730027875 198807.4730027875 198807.4730027875 198807.4730027875 198807.4730027875 198807.4730027875 198807.47300278756 198807.4730027875 198807.4730027875 198807.47300278756 198807.4730027875 198807.47300278756 198807.47300278756 198807.47300278756 198807.47300278756 198807.4730027875 198807.47300278756 198807.47300278756 198807.47300278756 
198807.4730027875 198807.4730027875 198807.4730027875 198807.4730027875 198807.4730027875 198807.4730027875 198807.4730027875 198807.4730027875 198807.4730027875 198807.4730027875 198807.4730027875 198807.4730027875 198807.4730027875 198807.4730027875 198807.47300278756 198807.47300278756 198807.47300278756 198807.47300278756 198807.4730027875 198807.4730027875 198807.47300278756 198807.4730027875 198807.47300278756 198807.4730027875 198807.4730027875 198807.47300278756 198807.4730027875 
198807.47300278756 198807.47300278756 198807.47300278756 198807.47300278756 198807.47300278756 198807.47300278756 198807.47300278756 198807.4730027875 198807.4730027875 198807.4730027875 198807.4730027875 198807.4730027875 198807.4730027875 198807.4730027875 198807.4730027875 198807.47300278756 198807.47300278756 198807.4730027875 198807.47300278756 198807.47300278756 198807.4730027875 198807.47300278756 198807.4730027875 198807.47300278756 198807.4730027875 198807.47300278756 198807.4730027875 
198807.47300278756 198807.47300278756 198807.47300278756 198807.47300278756 198807.47300278756 198807.47300278756 198807.47300278756 198807.47300278756 198807.47300278756 198807.47300278756 198807.4730027875 198807.4730027875 198807.4730027875 198807.4730027875 198807.4730027875 198807.47300278756 198807.47300278756 198807.4730027875 198807.4730027875 198807.47300278756 198807.47300278756 198807.4730027875 198807.47300278756 198807.47300278756 198807.47300278756 198807.47300278756 198807.47300278756 
198807.47300278756 198807.47300278756 198807.47300278756 198807.47300278756 198807.47300278756 198807.47300278756 198807.47300278756 198807.47300278756 198807.47300278756 198807.47300278756 198807.47300278756 198807.4730027875 198807.4730027875 198807.4730027875 198807.4730027875 198807.4730027875 198807.4730027875 198807.47300278756 198807.4730027875 198807.4730027875 198807.47300278756 198807.4730027875 198807.4730027875 198807.4730027875 198807.47300278756 198807.4730027875 198807.47300278756 
198807.47300278756 198807.47300278756 198807.47300278756 198807.47300278756 198807.47300278756 198807.47300278756 198807.47300278756 198807.47300278756 198807.47300278756 198807.47300278756 198807.47300278756 198807.47300278756 198807.47300278756 198807.4730027875 198807.4730027875 198807.4730027875 198807.4730027875 198807.4730027875 198807.4730027875 198807.4730027875 198807.47300278756 198807.4730027875 198807.4730027875 198807.47300278756 198807.47300278756 198807.4730027875 198807.4730027875 
198807.47300278756 198807.47300278756 198807.47300278756 198807.47300278756 198807.47300278756 198807.47300278756 198807.47300278756 198807.47300278797 198807.47300278756 198807.47300278756 198807.47300278756 198807.47300278756 198807.47300278756 198807.47300278756 198807.47300278756 198807.4730027875 198807.4730027875 198807.4730027875 198807.4730027875 198807.4730027875 198807.4730027875 198807.4730027875 198807.4730027875 198807.4730027875 198807.4730027875 198807.4730027875 198807.4730027875 
198807.47300278756 198807.47300278756 198807.47300278756 198807.47300278756 198807.47300278756 198807.4730027875 198807.4730027875 198807.4730027875 198807.47300278756 198807.47300278756 198807.47300278756 198807.4730027875 198807.47300278797 198807.47300278756 198807.47300278756 198807.47300278756 198807.47300278756 198807.47300278756 198807.4730027875 198807.4730027875 198807.4730027875 198807.4730027875 198807.4730027875 198807.4730027875 198807.4730027875 198807.4730027875 198807.4730027875 
198807.4730027875 198807.4730027875 198807.47300278756 198807.47300278756 198807.4730027875 198807.4730027875 198807.4730027875 198807.4730027875 198807.47300278756 198807.4730027875 198807.4730027875 198807.4730027875 198807.4730027875 198807.4730027875 198807.47300278756 198807.47300278756 198807.47300278756 198807.47300278756 198807.47300278756 198807.47300278756 198807.47300278756 198807.47300278756 198807.4730027875 198807.4730027875 198807.4730027875 198807.4730027875 198807.4730027875 
198807.4730027875 198807.47300278756 198807.4730027875 198807.4730027875 198807.4730027875 198807.4730027875 198807.4730027875 198807.4730027875 198807.4730027875 198807.4730027875 198807.4730027875 198807.4730027875 198807.4730027875 198807.4730027875 198807.4730027875 198807.47300278756 198807.4730027875 198807.47300278756 198807.47300278756 198807.47300278756 198807.47300278756 198807.47300278756 198807.47300278756 198807.47300278756 198807.47300278756 198807.4730027875 198807.47300278756 
198807.4730027875 198807.47300278797 198807.47300278756 198807.47300278797 198807.47300278797 198807.47300278756 198807.47300278756 198807.47300278756 198807.47300278756 198807.47300278756 198807.47300278756 198807.47300278756 198807.47300278756 198807.47300278756 198807.4730027875 198807.4730027875 198807.4730027875 198807.4730027875 198807.47300278756 198807.4730027875 198807.4730027875 198807.4730027875 198807.47300278756 198807.47300278756 198807.4730027875 198807.4730027875 198807.4730027875 
198807.4730027875 198807.4730027875 198807.4730027875 198807.4730027875 198807.4730027875 198807.4730027875 198807.4730027875 198807.4730027875 198807.4730027875 198807.4730027875 198807.4730027875 198807.47300278756 198807.4730027875 198807.47300278756 198807.4730027875 198807.47300278756 198807.47300278756 198807.47300278756 198807.47300278756 198807.47300278756 198807.4730027875 198807.47300278756 198807.47300278756 198807.4730027875 198807.4730027875 198807.4730027875 198807.4730027875 
198807.4730027875 198807.47300278756 198807.47300278756 198807.47300278756 198807.47300278756 198807.47300278756 198807.47300278756 198807.47300278756 198807.47300278797 198807.47300278756 198807.47300278756 198807.47300278756 198807.47300278756 198807.47300278756 198807.4730027875 198807.4730027875 198807.4730027875 198807.47300278756 198807.47300278756 198807.4730027875 198807.4730027875 198807.47300278756 198807.4730027875 198807.47300278756 198807.47300278756 198807.47300278756 198807.47300278756 
198807.4730027875 198807.4730027875 198807.4730027875 198807.47300278797 198807.47300278756 198807.47300278756 198807.47300278756 198807.47300278756 198807.47300278756 198807.47300278756 198807.47300278756 198807.4730027875 198807.4730027875 198807.4730027875 198807.4730027875 198807.47300278756 198807.47300278756 198807.4730027875 198807.47300278756 198807.47300278756 198807.47300278756 198807.47300278756 198807.47300278756 198807.47300278756 198807.47300278756 198807.47300278756 198807.47300278756 
198807.47300278535 198807.47300278535 198807.47300278535 198807.47300278605 198807.4730027868 198807.4730027875 198807.4730027875 198807.47300278797 198807.47300278797 198807.47300278797 198807.47300278756 198807.47300278756 198807.4730027875 198807.4730027875 198807.4730027875 198807.4730027875 198807.4730027875 198807.47300278756 198807.47300278756 198807.47300278756 198807.47300278756 198807.4730027875 198807.47300278756 198807.47300278756 198807.4730027875 198807.4730027875 198807.4730027875 
198807.47300278535 198807.47300278535 198807.47300278535 198807.47300278535 198807.47300278535 198807.47300278535 198807.47300278535 198807.47300278535 198807.47300278535 198807.4730027875 198807.4730027875 198807.4730027875 198807.4730027875 198807.47300278756 198807.47300278756 198807.4730027875 198807.4730027875 198807.4730027875 198807.47300278756 198807.47300278756 198807.47300278756 198807.47300278756 198807.47300278756 198807.4730027875 198807.47300278756 198807.4730027875 198807.47300278756 
198807.47300278535 198807.47300278535 198807.47300278535 198807.47300278535 198807.47300278535 198807.47300278535 198807.47300278535 198807.47300278535 198807.47300278535 198807.47300278535 198807.47300278535 198807.4730027868 198807.47300278756 198807.47300278756 198807.47300278797 198807.4730027875 198807.4730027875 198807.47300278756 198807.47300278756 198807.4730027875 198807.4730027875 198807.47300278756 198807.4730027875 198807.47300278756 198807.47300278756 198807.47300278756 198807.47300278756 
198610.68776755861 198653.2639702108 198706.26837972866 198771.60782221705 198807.47142875503 198807.47300278535 198807.47300278535 198807.47300278535 198807.47300278535 198807.47300278535 198807.47300278535 198807.47300278535 198807.47300278535 198807.4730027874 198807.47300278797 198807.47300278756 198807.47300278797 198807.47300278797 198807.47300278797 198807.47300278756 198807.47300278756 198807.4730027875 198807.47300278756 198807.47300278756 198807.47300278756 198807.47300278756 198807.47300278756 
197581.86593519727 197653.42392502248 197742.51991809317 197852.38073391054 197986.23533236043 198146.96659588115 198336.62902424904 198555.8688996074 198799.5576916022 198807.47300278535 198807.47300278535 198807.47300278535 198807.47300278535 198807.47300278535 198807.47300278622 198807.4730027881 198807.47300278797 198807.47300278797 198807.4730027875 198807.47300278756 198807.4730027875 198807.47300278756 198807.4730027875 198807.47300278756 198807.47300278756 198807.47300278756 198807.47300278756 
195615.91178680217 195735.49600411078 195884.41718080436 196068.08917173353 196291.9394165551 196560.82898684422 196878.2469984608 197245.33897765324 197659.92953098234 198115.8028114658 198602.55015351786 198807.47300278535 198807.47300278535 198807.47300278535 198807.4730027854 198807.4730027854 198807.47300278797 198807.47300278797 198807.47300278797 198807.47300278797 198807.47300278797 198807.47300278797 198807.47300278756 198807.4730027875 198807.47300278756 198807.47300278756 198807.4730027875 
192036.80939278938 192235.23026962887 192482.4026942767 192787.3654882366 193159.206208229 193606.10403015563 194133.99418666412 194744.9488904298 195435.53709439852 196195.5992707617 197007.95499144355 197849.43854604976 198693.2928429215 198807.47300278535 198807.4730027854 198807.4730027854 198807.4730027854 198807.47300278815 198807.4730027881 198807.47300278797 198807.47300278797 198807.47300278797 198807.4730027875 198807.4730027875 198807.4730027875 198807.47300278756 198807.47300278756 
185743.92605013703 186069.85130436567 186476.05070773262 186977.5189124638 187589.4001471757 188325.43009353703 189195.7455599627 190204.20739250712 191345.65752640634 192603.82359282317 193950.73300998594 195348.31444762222 196752.27566347632 198117.53477754403 198807.47300278535 198807.4730027854 198807.4730027854 198807.4730027854 198807.4730027881 198807.4730027881 198807.4730027881 198807.47300278797 198807.47300278797 198807.47300278756 198807.4730027875 198807.4730027875 198807.4730027875 
175006.59589885478 175533.84444561898 176191.45823665435 177004.07840481924 177996.7709410317 179192.54464780306 180608.81974297657 182253.0546126397 184118.18420401902 186179.01412793936 188390.9925158759 190692.5304440874 193011.11638610502 195272.13669954997 197408.2237311374 198807.4730027854 198807.4730027854 198807.4730027854 198807.4730027868 198807.4730027881 198807.4730027881 198807.4730027881 198807.47300278797 198807.47300278756 198807.4730027875 198807.4730027875 198807.4730027875 
157250.36269624432 158083.29332945065 159123.43263049488 160410.67360948137 161986.04765270092 163887.9089349383 166146.39831254125 168776.44297223503 171770.24990737805 175091.06613984308 178670.512023137 182411.52032938186 186197.53355631547 189906.4675976261 193426.05608558666 196666.62815999315 198807.4730027854 198807.4730027854 198807.4730027854 198807.4730027881 198807.4730027881 198807.47300278797 198807.4730027881 198807.47300278797 198807.47300278756 198807.47300278756 198807.4730027875 
128989.99934199994 130258.43791409233 131845.36920777778 133813.82370929356 136229.6966279479 139156.21956683957 142645.68114277866 146728.6127460145 151401.7032280793 156617.0244991195 162276.17929082114 168232.8784099238 174305.59692446492 180298.65970216168 186026.8363615641 191337.10763318912 196122.5251666584 198807.4730027854 198807.4730027854 198807.4730027854 198807.47300278815 198807.47300278815 198807.4730027881 198807.47300278797 198807.47300278756 198807.4730027875 198807.4730027875 
86266.77729134273 88092.93039799912 90384.81784490251 93238.01484986249 96754.77228799101 101036.75164682599 106173.58385814424 112227.17952386383 119213.13388386503 127082.57021402719 135709.67485441762 144890.74945984344 154358.62390218943 163811.66890730977 172951.22288082645 181517.8946625066 189317.856328453 196234.37980758602 198807.4730027854 198807.4730027854 198807.47300278815 198807.47300278815 198807.47300278815 198807.47300278797 198807.4730027875 198807.4730027875 198807.4730027875 
80313.51267694763 80377.10557478806 80459.40766473295 80565.98850432388 80704.12129032932 80883.33802120527 81116.19736015127 81419.40702296374 81815.95045854809 82576.70965129655 94802.12149583129 108258.37474453676 122377.75692385854 136728.09741898085 150851.99374034134 164322.69300383463 176792.08284740412 188019.8435466587 197880.50233862805 198807.4730027854 198807.4730027854 198807.47300278815 198807.47300278815 198807.4730027881 198807.47300278797 198807.4730027875 198807.4730027875 
80232.18924346712 80272.17710519262 80323.92652949545 80390.93630713882 80477.77280210843 80590.41399467015 80736.71696684934 80927.06177394948 81175.25340842496 81499.81284854707 81925.88020077453 82488.17528224352 83237.25047839741 94554.23165662913 115302.79191573721 135622.90511822957 154923.00556401722 172732.11833009298 188732.9653095908 198807.4730027854 198807.4730027854 198807.47300278844 198807.47300278815 198807.4730027881 198807.47300278797 198807.4730027875 198807.4730027875 
80181.38921468757 80206.87528527115 80239.84696022171 80282.52721356368 80337.81667207461 80409.51221939956 80502.60402115004 80623.68427967193 80781.51873630914 80987.86153806822 81258.6452957858 81615.77040106588 82089.89274737576 82724.9719591845 83586.37911744614 90376.6019268554 118692.6339912311 145831.09219740506 171123.23587466968 194091.98527276475 198807.4730027854 198807.47300278879 198807.47300278815 198807.47300278815 198807.47300278797 198807.4730027875 198807.4730027875 
73945.77883987344 74464.16330171854 75115.40232218732 75927.37903306237 76930.18766614795 78153.80709019466 79619.08323146054 80424.19832419604 80533.81060716358 80668.28754380974 80843.23459607066 81073.38824360486 81378.61792864505 81787.15835996682 82340.550031511 83102.42859299155 84176.016406307 101146.86830407649 139206.7109788459 175810.160367281 198807.4730027854 198807.4730027854 198807.47300278879 198807.47300278815 198807.47300278797 198807.4730027875 198807.4730027875 
52528.72319540364 53328.12301338033 54333.84707233368 55590.109217917634 57145.32374080492 59049.380202903645 61349.043146053446 64081.24925406894 67264.59540155774 70890.15108506114 74913.60661321855 79248.1127231599 80929.49861898669 81198.37261722586 81559.79618478118 82056.56131107162 82755.16449441924 83769.5624476042 85426.3633815709 139860.66294853482 197054.97230360302 198807.4730027854 198807.47300278884 198807.47300278815 198807.4730027881 198807.4730027875 198807.4730027875 
19511.19714524789 20683.712517970504 22161.839223006158 24012.862981606624 26311.578909012896 29136.774838986545 32564.94204725846 36660.69915010125 41464.086030160135 46976.101590169885 53145.44526587339 59860.735023457295 66952.4797760626 74206.78367535747 81032.09161844553 81393.2226858536 81856.1679688149 82526.621190926 83544.57975950383 85211.30523129221 162812.6410508614 198807.4730027854 198807.47300278943 198807.47300278879 198807.47300278815 198807.47300278797 198807.4730027875 
-28161.115824578766 -26560.787718217878 -24537.730123370275 -21995.44671040494 -18824.513962311612 -14906.32865081547 -10120.582166120352 -4357.4884186152485 2464.8898869349505 10379.36052395156 19347.77296970057 29244.43007083275 39851.64255299521 50872.62611142339 61961.99852217376 72767.49831445317 81273.09890161711 81730.21935043199 82413.70878504426 83525.39263064403 85588.77320640109 198807.4730027854 198807.4730027896 198807.47300278879 198807.47300278844 198807.47300278815 198807.47300278815 
-91242.6887478005 -89259.99474600049 -86744.87874036438 -83570.39810504726 -79589.1436117395 -74635.91945263614 -68534.70018121661 -61111.55374881634 -52214.82085760741 -41742.48187482677 -29674.047276908037 -16100.79463027048 -1245.1112059193256 14540.648702764767 30801.177356459724 47028.28344262633 62722.62094732188 77449.40995136095 81679.21745689062 82437.35081618454 83821.36639804539 198807.4730027854 198807.47300278896 198807.47300278879 198807.47300278838 198807.47300278826 198807.47300278815 
-166063.72902425795 -163880.71707307873 -161100.92158975807 -157575.34375094893 -153126.59514928825 -147548.94287054238 -140612.203791706 -132071.6208714868 -121685.99928598249 -109245.73943654611 -94610.41848783423 -77751.94279671797 -58794.61061576483 -38039.695270599215 -15962.377270028112 6824.969862941856 29638.404892996332 51801.967061716656 72721.15376896918 81720.73350058263 82677.52215528261 198807.4729796549 198807.4730027896 198807.47300278913 198807.47300278815 198807.47300278815 198807.47300278815 
nan nan nan nan nan nan nan nan -199574.48778491392 -186960.08955015813 -171312.22017141673 -152808.39963747913 -131352.96108824725 -107023.95992410406 -80107.86189687432 -51105.14412297035 -20698.97951326199 10309.723424532276 41086.624130223296 70847.20105446986 81914.3581161871 99648.99829640775 198807.47300279047 198807.47300278815 198807.47300278943 198807.47300278913 198807.47300278896 
nan nan nan nan nan nan nan nan nan nan nan nan nan -186930.0485909321 -158247.17615339017 -125854.18411914588 -90037.59954591577 -51266.529087963514 -10139.580935202568 32694.002982734935 76621.07988798199 83758.89907237823 198807.47300278879 198807.4730027896 198807.47300278972 198807.4730027881 198807.4730027874 
