-115303185.41043061 -115303185.41043061 -115303185.41043061 -115303185.41043061 -115303185.41043061 -115303185.41043061 -115303185.41043064 -115303185.41043064 -115303185.41043064 -115303185.41043064 -115303185.41043064 -115303185.41043064 -115303185.41043064 -115303185.41043064 -115303185.41043055 -115303185.41043061 -115303185.41043064 -115303185.41043055 -115303185.41043061 -115303185.41043055 -115303185.41043055 -115303185.41043055 -115303185.41043055 -115303185.41043061 -115303185.41043055 -115303185.41043055 -115303185.41043055 
-115303185.41043061 -115303185.41043064 -115303185.41043064 -115303185.41043061 -115303185.41043061 -115303185.41043064 -115303185.41043061 -115303185.41043064 -115303185.41043064 -115303185.41043064 -115303185.41043064 -115303185.41043064 -115303185.41043064 -115303185.41043061 -115303185.41043055 -115303185.41043055 -115303185.41043055 -115303185.41043055 -115303185.41043061 -115303185.41043061 -115303185.41043055 -115303185.41043064 -115303185.41043055 -115303185.41043061 -115303185.41043061 -115303185.41043055 -115303185.41043061 
-115303185.41043055 -115303185.41043055 -115303185.41043055 -115303185.41043055 -115303185.41043055 -115303185.41043055 -115303185.41043055 -115303185.41043064 -115303185.41043061 -115303185.41043064 -115303185.41043064 -115303185.41043064 -115303185.41043064 -115303185.41043064 -115303185.41043064 -115303185.41043055 -115303185.41043055 -115303185.41043061 -115303185.41043055 -115303185.41043055 -115303185.41043064 -115303185.41043055 -115303185.41043064 -115303185.41043055 -115303185.41043061 -115303185.41043055 -115303185.41043061 
-115303185.41043055 -115303185.41043055 -115303185.41043055 -115303185.41043055 -115303185.41043055 -115303185.41043055 -115303185.41043055 -115303185.41043055 -115303185.41043055 -115303185.41043055 -115303185.41043061 -115303185.41043064 -115303185.41043064 -115303185.41043064 -115303185.41043064 -115303185.41043055 -115303185.41043055 -115303185.41043061 -115303185.41043061 -115303185.41043055 -115303185.41043055 -115303185.41043064 -115303185.41043055 -115303185.41043055 -115303185.41043055 -115303185.41043055 -115303185.41043055 
-115303185.41043055 -115303185.41043055 -115303185.41043055 -115303185.41043055 -115303185.41043055 -115303185.41043055 -115303185.41043055 -115303185.41043055 -115303185.41043055 -115303185.41043055 -115303185.41043055 -115303185.41043064 -115303185.41043064 -115303185.41043064 -115303185.41043064 -115303185.41043061 -115303185.41043061 -115303185.41043055 -115303185.41043061 -115303185.41043064 -115303185.41043055 -115303185.41043064 -115303185.41043064 -115303185.41043064 -115303185.41043055 -115303185.41043064 -115303185.41043055 
-115303185.41043055 -115303185.41043055 -115303185.41043055 -115303185.41043055 -115303185.41043055 -115303185.41043055 -115303185.41043055 -115303185.41043055 -115303185.41043055 -115303185.41043055 -115303185.41043055 -115303185.41043055 -115303185.41043055 -115303185.41043064 -115303185.41043064 -115303185.41043064 -115303185.41043064 -115303185.41043064 -115303185.41043061 -115303185.41043061 -115303185.41043055 -115303185.41043061 -115303185.41043064 -115303185.41043055 -115303185.41043055 -115303185.41043064 -115303185.41043061 
-115303185.41043055 -115303185.41043055 -115303185.41043055 -115303185.41043055 -115303185.41043055 -115303185.41043055 -115303185.41043055 -115303185.41043055 -115303185.41043055 -115303185.41043055 -115303185.41043055 -115303185.41043055 -115303185.41043055 -115303185.41043055 -115303185.41043055 -115303185.41043064 -115303185.41043064 -115303185.41043064 -115303185.41043064 -115303185.41043064 -115303185.41043061 -115303185.41043061 -115303185.41043061 -115303185.41043061 -115303185.41043061 -115303185.41043061 -115303185.41043064 
-115303185.41043055 -115303185.41043055 -115303185.41043055 -115303185.41043055 -115303185.41043055 -115303185.41043061 -115303185.41043061 -115303185.41043061 -115303185.41043055 -115303185.41043055 -115303185.41043055 -115303185.41043061 -115303185.41043055 -115303185.41043055 -115303185.41043055 -115303185.41043055 -115303185.41043055 -115303185.41043055 -115303185.41043061 -115303185.41043064 -115303185.41043061 -115303185.41043061 -115303185.41043061 -115303185.41043061 -115303185.41043064 -115303185.41043061 -115303185.41043061 
-115303185.41043061 -115303185.41043064 -115303185.41043055 -115303185.41043055 -115303185.41043064 -115303185.41043064 -115303185.41043061 -115303185.41043061 -115303185.41043055 -115303185.41043061 -115303185.41043061 -115303185.41043064 -115303185.41043064 -115303185.41043064 -115303185.41043055 -115303185.41043055 -115303185.41043055 -115303185.41043055 -115303185.41043055 -115303185.41043055 -115303185.41043055 -115303185.41043055 -115303185.41043064 -115303185.41043061 -115303185.41043064 -115303185.41043064 -115303185.41043064 
-115303185.41043061 -115303185.41043055 -115303185.41043064 -115303185.41043064 -115303185.41043064 -115303185.41043061 -115303185.41043061 -115303185.41043064 -115303185.41043061 -115303185.41043064 -115303185.41043064 -115303185.41043064 -115303185.41043064 -115303185.41043064 -115303185.41043061 -115303185.41043055 -115303185.41043064 -115303185.41043055 -115303185.41043055 -115303185.41043055 -115303185.41043055 -115303185.41043055 -115303185.41043055 -115303185.41043055 -115303185.41043055 -115303185.41043061 -115303185.41043055 
-115303185.41043061 -115303185.41043055 -115303185.41043055 -115303185.41043055 -115303185.41043055 -115303185.41043055 -115303185.41043055 -115303185.41043055 -115303185.41043055 -115303185.41043055 -115303185.41043055 -115303185.41043055 -115303185.41043055 -115303185.41043055 -115303185.41043064 -115303185.41043064 -115303185.41043064 -115303185.41043064 -115303185.41043055 -115303185.41043061 -115303185.41043061 -115303185.41043061 -115303185.41043055 -115303185.41043055 -115303185.41043064 -115303185.41043064 -115303185.41043061 
-115303185.41043064 -115303185.41043064 -115303185.41043064 -115303185.41043064 -115303185.41043064 -115303185.41043061 -115303185.41043064 -115303185.41043061 -115303185.41043064 -115303185.41043064 -115303185.41043061 -115303185.41043055 -115303185.41043064 -115303185.41043055 -115303185.41043061 -115303185.41043055 -115303185.41043055 -115303185.41043055 -115303185.41043055 -115303185.41043055 -115303185.41043064 -115303185.41043055 -115303185.41043055 -115303185.41043061 -115303185.41043061 -115303185.41043064 -115303185.41043061 
-115303185.41043061 -115303185.41043055 -115303185.41043055 -115303185.41043055 -115303185.41043055 -115303185.41043055 -115303185.41043055 -115303185.41043055 -115303185.41043055 -115303185.41043055 -115303185.41043055 -115303185.41043055 -115303185.41043055 -115303185.41043055 -115303185.41043064 -115303185.41043064 -115303185.41043064 -115303185.41043055 -115303185.41043055 -115303185.41043061 -115303185.41043064 -115303185.41043055 -115303185.41043064 -115303185.41043055 -115303185.41043055 -115303185.41043055 -115303185.41043055 
-115303185.41043061 -115303185.41043064 -115303185.41043061 -115303185.41043055 -115303185.41043055 -115303185.41043055 -115303185.41043055 -115303185.41043055 -115303185.41043055 -115303185.41043055 -115303185.41043055 -115303185.41043064 -115303185.41043064 -115303185.41043064 -115303185.41043061 -115303185.41043055 -115303185.41043055 -115303185.41043064 -115303185.41043055 -115303185.41043055 -115303185.41043055 -115303185.41043055 -115303185.41043055 -115303185.41043055 -115303185.41043055 -115303185.41043055 -115303185.41043055 
-115303185.41043088 -115303185.41043088 -115303185.41043088 -115303185.41043085 -115303185.4104307 -115303185.41043064 -115303185.41043064 -115303185.41043055 -115303185.41043055 -115303185.41043055 -115303185.41043055 -115303185.41043055 -115303185.41043064 -115303185.41043064 -115303185.41043064 -115303185.41043064 -115303185.41043064 -115303185.41043055 -115303185.41043055 -115303185.41043055 -115303185.41043055 -115303185.41043061 -115303185.41043055 -115303185.41043055 -115303185.41043064 -115303185.41043061 -115303185.41043061 
-115303185.41043088 -115303185.41043088 -115303185.41043088 -115303185.41043088 -115303185.41043088 -115303185.41043088 -115303185.41043088 -115303185.41043088 -115303185.41043088 -115303185.41043064 -115303185.41043061 -115303185.41043061 -115303185.41043064 -115303185.41043055 -115303185.41043055 -115303185.41043061 -115303185.41043061 -115303185.41043061 -115303185.41043055 -115303185.41043055 -115303185.41043055 -115303185.41043055 -115303185.41043055 -115303185.41043064 -115303185.41043055 -115303185.41043061 -115303185.41043055 
-115303185.41043088 -115303185.41043088 -115303185.41043088 -115303185.41043088 -115303185.41043088 -115303185.41043088 -115303185.41043088 -115303185.41043088 -115303185.41043088 -115303185.41043088 -115303185.41043088 -115303185.41043073 -115303185.41043055 -115303185.41043055 -115303185.41043055 -115303185.41043061 -115303185.41043061 -115303185.41043055 -115303185.41043055 -115303185.41043064 -115303185.41043061 -115303185.41043055 -115303185.41043064 -115303185.41043055 -115303185.41043055 -115303185.41043055 -115303185.41043055 
-115326660.9494543 -115321581.8117554 -115315258.63876623 -115307463.93873432 -115303185.59426728 -115303185.41043088 -115303185.41043088 -115303185.41043088 -115303185.41043088 -115303185.41043088 -115303185.41043088 -115303185.41043088 -115303185.41043088 -115303185.41043067 -115303185.41043055 -115303185.41043055 -115303185.41043055 -115303185.41043055 -115303185.41043055 -115303185.41043055 -115303185.41043055 -115303185.41043064 -115303185.41043055 -115303185.41043055 -115303185.41043055 -115303185.41043055 -115303185.41043055 
-115449394.4820077 -115440857.9554708 -115430229.22888093 -115417123.35807768 -115401155.14356327 -115381980.6712269 -115359354.84905434 -115333200.57867149 -115304128.36098965 -115303185.41043088 -115303185.41043088 -115303185.41043088 -115303185.41043088 -115303185.41043088 -115303185.41043098 -115303185.41043055 -115303185.41043055 -115303185.41043055 -115303185.41043061 -115303185.41043055 -115303185.41043061 -115303185.41043055 -115303185.41043064 -115303185.41043055 -115303185.41043055 -115303185.41043055 -115303185.41043055 
-115683923.42558272 -115669657.59940532 -115651892.01404086 -115629980.82245386 -115603276.55700596 -115571199.31506746 -115533332.86177455 -115489540.54131521 -115440081.86774045 -115385698.36191802 -115327631.7279568 -115303185.41043088 -115303185.41043088 -115303185.41043088 -115303185.41043088 -115303185.41043088 -115303185.41043055 -115303185.41043055 -115303185.41043055 -115303185.41043055 -115303185.41043055 -115303185.41043055 -115303185.41043055 -115303185.41043064 -115303185.41043055 -115303185.41043055 -115303185.41043061 
-116110893.25298165 -116087222.58972315 -116057736.09957235 -116021355.49427924 -115976996.67171577 -115923683.89524645 -115860709.11995406 -115787825.140761 -115705441.26519899 -115614769.476429 -115517859.31749466 -115417474.34704214 -115316806.5561257 -115303185.41043088 -115303185.41043088 -115303185.41043088 -115303185.41043088 -115303185.41043052 -115303185.41043055 -115303185.41043055 -115303185.41043055 -115303185.41043055 -115303185.41043061 -115303185.41043064 -115303185.41043061 -115303185.41043055 -115303185.41043055 
-116861604.1907751 -116822722.86405532 -116774265.21460716 -116714442.4520097 -116641447.94209832 -116553643.08362767 -116449818.60375229 -116329513.92197198 -116193344.37078242 -116043251.16609627 -115882571.30336586 -115715846.51051964 -115548360.6405957 -115385491.7466341 -115303185.41043088 -115303185.41043088 -115303185.41043088 -115303185.41043088 -115303185.41043055 -115303185.41043055 -115303185.41043055 -115303185.41043055 -115303185.41043055 -115303185.41043055 -115303185.41043061 -115303185.41043064 -115303185.41043061 
-118142516.41308917 -118079618.17877674 -118001167.99324691 -117904226.28699023 -117785802.80696641 -117643152.71290141 -117474197.8559647 -117278048.48631117 -117055547.43101133 -116809700.26039478 -116545821.7996703 -116271259.31338756 -115994663.08045241 -115724934.15215865 -115470109.16790794 -115303185.41043088 -115303185.41043088 -115303185.41043088 -115303185.41043088 -115303185.41043055 -115303185.41043055 -115303185.41043055 -115303185.41043055 -115303185.41043055 -115303185.41043061 -115303185.41043064 -115303185.41043064 
-120260750.2581048 -120161385.61034009 -120037301.9578114 -119883740.25486793 -119695805.65304326 -119468922.68239294 -119199495.68266174 -118885743.91174856 -118528597.03813882 -118132439.51664132 -117705428.71260786 -117259144.28288876 -116807490.98100556 -116365032.85795888 -115945162.75540482 -115558577.97884248 -115303185.41043088 -115303185.41043088 -115303185.41043088 -115303185.41043055 -115303185.41043055 -115303185.41043055 -115303185.41043055 -115303185.41043055 -115303185.41043055 -115303185.41043055 -115303185.41043064 
-123632076.67888397 -123480758.01331632 -123291444.68668658 -123056617.46292198 -122768415.35816486 -122419295.1440609 -122003019.03827347 -121515944.79171231 -120958467.4085921 -120336304.48118706 -119661194.33382857 -118950588.56881675 -118226142.24386092 -117511198.46799545 -116827854.34135725 -116194364.33221845 -115623486.86816064 -115303185.41043088 -115303185.41043088 -115303185.41043088 -115303185.41043052 -115303185.41043052 -115303185.41043055 -115303185.41043055 -115303185.41043055 -115303185.41043064 -115303185.41043061 
-128728753.09010199 -128510901.74333484 -128237490.51339647 -127897117.73312035 -127477585.36129618 -126966765.66783711 -126353966.11051989 -125631801.05012389 -124798410.04899001 -123859623.86694677 -122830451.47293459 -121735193.10698847 -120605720.88980864 -119478017.75368637 -118387712.60088998 -117365749.55838765 -116435251.37208092 -115610143.14354119 -115303185.41043088 -115303185.41043088 -115303185.41043055 -115303185.41043052 -115303185.41043052 -115303185.41043055 -115303185.41043064 -115303185.41043061 -115303185.41043064 
-129438949.13509943 -129431362.80600753 -129421544.55962342 -129408829.97432402 -129392351.39246005 -129370971.692126 -129343192.68476246 -129307021.21964504 -129259715.4810523 -129168982.01565169 -127710527.2779883 -126105260.51148057 -124420885.62961906 -122708958.52337892 -121024045.12592469 -119417055.01882423 -117929516.34482999 -116590098.0996659 -115413768.58487381 -115303185.41043088 -115303185.41043088 -115303185.41043052 -115303185.41043052 -115303185.41043055 -115303185.41043055 -115303185.41043064 -115303185.41043064 
-129448650.63243996 -129443880.27145474 -129437706.81220746 -129429712.86566676 -129419353.68641566 -129405916.12994255 -129388462.88387322 -129365755.65717675 -129336147.58016185 -129297429.18854396 -129246601.38765234 -129179522.26908204 -129090161.17459486 -127740099.35227016 -125264895.1760977 -122840802.68818514 -120538392.85215844 -118413850.72768757 -116505026.0781046 -115303185.41043088 -115303185.41043088 -115303185.41043049 -115303185.41043052 -115303185.41043055 -115303185.41043055 -115303185.41043064 -115303185.41043064 
-129454710.83333169 -129451670.46679273 -129447737.10339239 -129442645.55294292 -129436049.78451875 -129427496.84802474 -129416391.44054124 -129401947.14378837 -129383118.24668042 -129358502.53560194 -129326199.32614791 -129283596.00615786 -129227035.47391531 -129151273.55609275 -129048511.79484975 -128238470.63319308 -124860503.20108454 -121623014.70800483 -118605782.7231122 -115865720.58281288 -115303185.41043088 -115303185.41043049 -115303185.41043052 -115303185.41043052 -115303185.41043055 -115303185.41043064 -115303185.41043064 
-130198589.37949906 -130136748.58819604 -130059058.88235518 -129962193.93748124 -129842563.65540302 -129696591.7002108 -129521791.25243491 -129425744.86584459 -129412668.64382376 -129396626.18733384 -129375755.839273 -129348299.60797164 -129311887.1638469 -129263150.24094698 -129197133.25666666 -129106244.7818196 -128978170.88147606 -126953629.27637239 -122413271.75967675 -118046655.00857963 -115303185.41043088 -115303185.41043088 -115303185.41043049 -115303185.41043052 -115303185.41043055 -115303185.41043064 -115303185.41043064 
-132753541.86345555 -132658177.28186132 -132538199.20339099 -132388333.12737538 -132202803.46006644 -131975658.61494106 -131701319.80542445 -131375380.66148871 -130995622.66478923 -130563111.1817443 -130083132.14697397 -129566046.26289907 -129365464.95320155 -129333389.5689301 -129290273.46291976 -129231011.75512818 -129147671.7307932 -129026658.89815962 -128829019.2317989 -122335258.4119468 -115512249.95554808 -115303185.41043088 -115303185.41043049 -115303185.41043052 -115303185.41043055 -115303185.41043064 -115303185.41043064 
-136692375.0810681 -136552499.59520775 -136376166.13652447 -136155347.83972156 -135881122.00466052 -135544089.61894253 -135135125.63856995 -134646521.37114546 -134073500.24983147 -133415943.11030819 -132679969.86495224 -131878867.8586121 -131032856.56873049 -130167452.74878296 -129353226.10282832 -129310144.8860415 -129254917.7240883 -129174935.8557339 -129053498.25868341 -128854665.86757365 -119597197.00716287 -115303185.41043088 -115303185.41043037 -115303185.41043049 -115303185.41043052 -115303185.41043055 -115303185.41043064 
-142379454.40980893 -142188542.90738937 -141947201.79528955 -141643919.52210033 -141265642.38467848 -140798221.58415467 -140227304.87778938 -139539795.30925152 -138725918.15042973 -137781759.5905914 -136711870.80495572 -135531246.86377496 -134265857.05814892 -132951106.33864415 -131628197.15557504 -130339152.62055843 -129324475.07998243 -129269942.79293269 -129188405.76666209 -129055787.191549 -128809635.74034107 -115303185.41043088 -115303185.41043037 -115303185.41043049 -115303185.41043049 -115303185.41043052 -115303185.41043052 
-149904784.8804139 -149668258.95225114 -149368217.6210473 -148989517.2376188 -148514572.58482483 -147923676.59151146 -147195830.26233172 -146310284.33430782 -145248946.57729703 -143999646.53619725 -142559939.90867352 -140940715.67260054 -139168503.56763148 -137285337.77867493 -135345534.34519354 -133409718.06445137 -131537458.5317954 -129780622.91577767 -129276027.07532674 -129185585.38521925 -129020478.93420148 -115303185.41043088 -115303185.41043046 -115303185.41043049 -115303185.4104305 -115303185.41043052 -115303185.41043052 
-158830577.75688875 -158570154.85377106 -158238538.5245756 -157817953.9210629 -157287239.45316464 -156621852.16647035 -155794332.3134045 -154775481.54751658 -153536526.47788504 -152052462.87311178 -150306538.95937908 -148295403.29919657 -146033884.08063912 -143557921.77304497 -140924203.14238667 -138205781.4262298 -135484247.54850125 -132840240.40035602 -130344681.30355996 -129271074.40952629 -129156934.09115295 -115303185.41307642 -115303185.41043033 -115303185.41043037 -115303185.41043052 -115303185.41043052 -115303185.41043052 
-171497289.1455549 -171124748.66242328 -170643543.77185905 -170021959.77068058 -169219013.08716625 -168181733.95550162 -166841646.8561958 -165110208.17042673 -162913677.04717138 -161323413.7992251 -159456697.69214243 -157249280.24781096 -154689748.86657354 -151787415.18502867 -148576453.1996562 -145116567.4409436 -141489257.17538875 -137790066.96407202 -134118529.65232432 -130568234.91533156 -129247975.91733211 -126838276.91165155 -115303185.41043064 -115303185.41043052 -115303185.41043037 -115303185.41043037 -115303185.41043046 
-182067789.75523216 -181830916.85060623 -181524919.17659923 -181129600.26880857 -180618846.5164915 -179958882.6859669 -179106005.8742888 -178003637.10701463 -176578477.0211923 -174735479.89860287 -172351260.30223253 -169265405.8689293 -165268968.42868513 -161319830.0562182 -157898100.31905112 -154033771.02773625 -149761023.49225843 -145135819.89674467 -140229571.3402291 -135119729.28516614 -129879438.73752731 -128086571.69142154 -115303185.41043426 -115303185.41043033 -115303185.41043033 -115303185.41043055 -115303185.41043067 
