nan nan nan nan nan nan nan nan nan nan nan nan nan nan nan nan nan nan nan nan nan nan nan nan nan nan nan 
nan nan nan nan nan nan nan nan nan nan nan nan nan nan nan nan nan nan nan nan nan nan nan nan nan nan nan 
nan nan nan nan nan nan nan nan nan nan nan nan nan nan nan nan nan nan nan nan nan nan nan nan nan nan nan 
nan nan nan nan nan nan nan nan nan nan nan nan nan nan nan nan nan nan nan nan nan nan nan nan nan nan nan 
nan nan nan nan nan nan nan nan nan nan nan nan nan nan nan nan nan nan nan nan nan nan nan nan nan nan nan 
nan nan nan nan nan nan nan nan nan nan nan nan nan nan nan nan nan nan nan nan nan nan nan nan nan nan nan 
nan nan nan nan nan nan nan nan nan nan nan nan nan nan nan nan nan nan nan nan nan nan nan nan nan nan nan 
nan nan nan nan nan nan nan nan nan nan nan nan nan nan nan nan nan nan nan nan nan nan nan nan nan nan nan 
nan nan nan nan nan nan nan nan nan nan nan nan nan nan nan nan nan nan nan nan nan nan nan nan nan nan nan 
nan nan nan nan nan nan nan nan nan nan nan nan nan nan nan nan nan nan nan nan nan nan nan nan nan nan nan 
nan nan nan nan nan nan nan nan nan nan nan nan nan nan nan nan nan nan nan nan nan nan nan nan nan nan nan 
nan nan nan nan nan nan nan nan nan nan nan nan nan nan nan nan nan nan nan nan nan nan nan nan nan nan nan 
nan nan nan nan nan nan nan nan nan nan nan nan nan nan nan nan nan nan nan nan nan nan nan nan nan nan nan 
nan nan nan nan nan nan nan nan nan nan nan nan nan nan nan nan nan nan nan nan nan nan nan nan nan nan nan 
nan nan nan nan nan nan nan nan nan nan nan nan nan nan nan nan nan nan nan nan nan nan nan nan nan nan nan 
nan nan nan nan nan nan nan nan nan nan nan nan nan nan nan nan nan nan nan nan nan nan nan nan nan nan nan 
nan nan nan nan nan nan nan nan nan nan nan nan nan nan nan nan nan nan nan nan nan nan nan nan nan nan nan 
256.6485149622308 256.7363038952213 256.8457708506914 256.9809828914547 257.0553259444349 nan nan nan nan nan nan nan nan nan nan nan nan nan nan nan nan nan nan nan nan nan nan 
254.97175650484937 255.09208296444595 255.24212340243935 255.42747592331799 255.65382668044364 255.92638443353326 256.2490789551455 256.62357153983146 257.04171469064846 nan nan nan nan nan nan nan nan nan nan nan nan nan nan nan nan nan nan 
252.5371368366314 252.7037054360958 252.91142090421715 253.16804282620495 253.481457217419 253.8588945175707 254.3058198892382 254.8245619955796 255.4128851290368 256.062861353813 256.76048501403847 nan nan nan nan nan nan nan nan nan nan nan nan nan nan nan nan 
248.96105943334493 249.19378012800524 249.48403777279833 249.8427102672468 250.2808691769127 250.80869041455787 251.4339044188938 252.1598758162229 252.98359655348085 253.89409031224392 254.87184909932807 255.8898184537071 256.91604972045116 nan nan nan nan nan nan nan nan nan nan nan nan nan nan 
243.66504170283625 243.9924370229471 244.40091630984955 244.90588871614042 245.52308586525055 246.26703962837453 247.1489046678833 248.17374492270676 249.3376764159003 250.62556435786846 252.01015564697173 253.4533928827281 254.9101042337119 256.33344279358363 nan nan nan nan nan nan nan nan nan nan nan nan nan 
235.80091333522012 236.2624334162544 236.83861717555118 237.5514620237817 238.42355188447223 239.47594003406516 240.72508991063955 242.17902205740876 243.8332003408247 245.6671330637142 247.64294892463303 249.7070505829738 251.79519166161978 253.84015478611593 255.78017775303564 nan nan nan nan nan nan nan nan nan nan nan nan 
224.19200443964652 224.83836526332828 225.64617788346533 226.64691382582635 227.87318972265837 229.35587781793325 231.11985594047152 233.1785552814049 235.52800028618105 238.14168003527328 240.96805164571208 243.93234104870152 246.94330670610714 249.90397740533064 252.72382102350338 255.32921919326446 nan nan nan nan nan nan nan nan nan nan nan 
207.36942893930836 208.2566982006283 209.36749822976913 210.74650956824294 212.44072432989202 214.49566995181505 216.94968482602536 219.82635022194137 223.12590200563773 226.81737669193524 230.83401596408208 235.07447177294063 239.41114959648678 243.70475169600635 247.82171284523687 251.6500568968059 255.1099186900326 nan nan nan nan nan nan nan nan nan nan 
183.86234495477802 185.03194881510194 186.5006408032434 188.33026771992326 190.58729336873964 193.33825691307499 196.64254061206523 200.54235091119602 205.05070307842425 210.13948041262302 215.7309052929675 221.69622269324395 227.86424812165785 234.03955404561862 240.02654103876154 245.65331117283762 250.78946426399625 255.35446817477435 nan nan nan nan nan nan nan nan nan 
185.62702139532126 185.65503421794483 185.6912889939844 185.73823980128543 185.7990920226897 185.8780481807745 185.98065019853087 186.1142902356046 186.28926359569937 186.66541710577678 194.0049252161217 202.10163876757977 210.61602846560947 219.28965609908116 227.84649592087402 236.02659554669714 243.615576147774 250.46314994602966 256.4883603724894 nan nan nan nan nan nan nan nan 
189.93626275331667 189.95387866153365 189.9766754950561 190.00619425395175 190.04444606511544 190.09406368975027 190.1585074247322 190.24234876759294 190.35166796740168 190.4946235897067 190.68229414838072 190.9299997886905 191.26030058861645 197.6204208942283 209.400024943792 220.95946017922955 231.9602788981649 242.1304206852402 251.2840183152175 nan nan nan nan nan nan nan nan 
193.27784892647497 193.28910622476144 193.3036647934853 193.32250313888133 193.34689776869004 193.37851948528646 193.41956429870285 193.4729336170605 193.54248614801654 193.6333969781439 193.7526818909233 193.90998573911207 194.11881127863987 194.39852753064736 194.77798798206882 198.3510989496461 213.64292491502215 228.32383557543602 242.028590515401 254.4938632148738 nan nan nan nan nan nan nan 
190.79172988726293 191.20705482015225 191.7292166032469 192.38087606285393 193.1866410103177 194.17125540217538 195.35229460889852 195.98577639993886 196.03715592772016 196.09704183974057 196.1743655138346 196.2758696023632 196.41037501507924 196.59034363704308 196.83408356367184 197.16963309634986 197.64252331671173 206.3660540601084 226.0959565359987 245.10015984777255 nan nan nan nan nan nan nan 
177.6508987648523 178.22545134681602 178.94875233296614 179.85295477410253 180.97344141716206 182.34694405125174 184.00831458518718 185.98575677415457 188.29468495423444 190.93096997270789 193.86497392195434 197.03582613453358 198.22854272644383 198.3476980744028 198.50703824254612 198.72587583693632 199.03356218361552 199.4803137930833 200.21700264637593 227.48149153052236 256.1753492482495 nan nan nan nan nan nan 
159.02969399437964 159.79794624207136 160.76693396813764 161.9811538881224 163.49025854040653 165.34684475716745 167.60243076346 170.3012566119207 173.47196164352283 177.11797418779213 181.2084949966436 185.67286587153785 190.40121317065118 195.25284700951434 199.82829869390395 199.99513580630645 200.199199376188 200.4945087153295 200.9428188166073 201.67703281860938 239.4888955995776 nan nan nan nan nan nan 
162.16062287816155 161.5304740752109 160.7343539802904 159.73467388231097 158.4889966270121 156.95161512848728 155.07661271347138 152.8227849698476 152.6254009070126 157.4594131318299 162.94763533762182 169.01701043035973 175.5376942803785 182.33012171920763 189.18299006814738 195.8785268759229 201.15023591220395 201.35279362772337 201.65387607477442 202.14345760827896 203.05285657087165 nan nan nan nan nan nan 
194.1377886712477 193.28212717255445 192.19710512695104 190.82829476953538 189.1126551774786 186.97979127461662 184.35508270064452 181.16539607321505 177.34790021867332 172.86188955931894 167.70237889041795 161.91272451514374 155.59226830706453 163.43562236854487 172.81815079778957 182.20283117022623 191.30028409769088 199.8560677122424 202.26646741292853 202.60045177669866 203.20995401421948 nan nan nan nan nan nan 
234.13843903817033 233.13261751467945 231.85212826239803 230.2285838228944 228.1806857894294 225.61433252508144 222.4245295538304 218.50008137176883 213.73209521752864 208.0270078005806 201.3239017000479 193.61418559806802 184.95956932051695 175.50262054281498 165.46442088398982 161.95178653534504 174.44015315272452 186.59673295556814 198.09307996935007 203.00961029550686 203.43106220494147 nan nan nan nan nan nan 
nan nan nan nan nan nan nan nan 256.42406351883 250.3028574489365 242.768141077613 233.86682386979157 223.55727344950813 211.88211976315588 198.98434574420983 185.10912942140803 170.58785508133226 166.11585292889572 182.24953706627895 197.8778649105653 203.6561605048844 211.64880544336955 nan nan nan nan nan 
nan nan nan nan nan nan nan nan nan nan nan nan nan 255.50971549655173 241.22410803619258 225.10841446451974 207.31150709273135 188.07294415122107 167.6959595594675 179.20184758046844 201.43785991448368 204.48880860633585 nan nan nan nan nan 
