-104912292.15425625 -104912292.15425625 -104912292.15425625 -104912292.15425625 -104912292.15425625 -104912292.15425625 -104912292.15425625 -104912292.15425625 -104912292.15425625 -104912292.15425625 -104912292.15425625 -104912292.15425625 -104912292.15425625 -104912292.15425625 -104912292.15425625 -104912292.15425625 -104912292.15425625 -104912292.15425625 -104912292.15425625 -104912292.15425625 -104912292.15425625 -104912292.15425625 -104912292.15425625 -104912292.15425625 -104912292.15425625 -104912292.15425625 -104912292.15425625 
-104912292.15425625 -104912292.15425625 -104912292.15425625 -104912292.15425625 -104912292.15425625 -104912292.15425625 -104912292.15425625 -104912292.15425625 -104912292.15425625 -104912292.15425625 -104912292.15425625 -104912292.15425625 -104912292.15425625 -104912292.15425625 -104912292.15425625 -104912292.15425625 -104912292.15425625 -104912292.15425625 -104912292.15425625 -104912292.15425625 -104912292.15425625 -104912292.15425625 -104912292.15425625 -104912292.15425625 -104912292.15425625 -104912292.15425625 -104912292.15425625 
-104912292.15425625 -104912292.15425625 -104912292.15425625 -104912292.15425625 -104912292.15425625 -104912292.15425625 -104912292.15425625 -104912292.15425625 -104912292.15425625 -104912292.15425625 -104912292.15425625 -104912292.15425625 -104912292.15425625 -104912292.15425625 -104912292.15425625 -104912292.15425625 -104912292.15425625 -104912292.15425625 -104912292.15425625 -104912292.15425625 -104912292.15425625 -104912292.15425625 -104912292.15425625 -104912292.15425625 -104912292.15425625 -104912292.15425625 -104912292.15425625 
-104912292.15425625 -104912292.15425625 -104912292.15425625 -104912292.15425625 -104912292.15425625 -104912292.15425625 -104912292.15425625 -104912292.15425625 -104912292.15425625 -104912292.15425625 -104912292.15425625 -104912292.15425625 -104912292.15425625 -104912292.15425625 -104912292.15425625 -104912292.15425625 -104912292.15425625 -104912292.15425625 -104912292.15425625 -104912292.15425625 -104912292.15425625 -104912292.15425625 -104912292.15425625 -104912292.15425625 -104912292.15425625 -104912292.15425625 -104912292.15425625 
-104912292.15425625 -104912292.15425625 -104912292.15425625 -104912292.15425625 -104912292.15425625 -104912292.15425625 -104912292.15425625 -104912292.15425625 -104912292.15425625 -104912292.15425625 -104912292.15425625 -104912292.15425625 -104912292.15425625 -104912292.15425625 -104912292.15425625 -104912292.15425625 -104912292.15425625 -104912292.15425625 -104912292.15425625 -104912292.15425625 -104912292.15425625 -104912292.15425625 -104912292.15425625 -104912292.15425625 -104912292.15425625 -104912292.15425625 -104912292.15425625 
-104912292.15425625 -104912292.15425625 -104912292.15425625 -104912292.15425625 -104912292.15425625 -104912292.15425625 -104912292.15425625 -104912292.15425625 -104912292.15425625 -104912292.15425625 -104912292.15425625 -104912292.15425625 -104912292.15425625 -104912292.15425625 -104912292.15425625 -104912292.15425625 -104912292.15425625 -104912292.15425625 -104912292.15425625 -104912292.15425625 -104912292.15425625 -104912292.15425625 -104912292.15425625 -104912292.15425625 -104912292.15425625 -104912292.15425625 -104912292.15425625 
-104912292.15425625 -104912292.15425625 -104912292.15425625 -104912292.15425625 -104912292.15425625 -104912292.15425625 -104912292.15425625 -104912292.15425625 -104912292.15425625 -104912292.15425625 -104912292.15425625 -104912292.15425625 -104912292.15425625 -104912292.15425625 -104912292.15425625 -104912292.15425625 -104912292.15425625 -104912292.15425625 -104912292.15425625 -104912292.15425625 -104912292.15425625 -104912292.15425625 -104912292.15425625 -104912292.15425625 -104912292.15425625 -104912292.15425625 -104912292.15425625 
-104912292.15425625 -104912292.15425625 -104912292.15425625 -104912292.15425625 -104912292.15425625 -104912292.15425625 -104912292.15425625 -104912292.15425625 -104912292.15425625 -104912292.15425625 -104912292.15425625 -104912292.15425625 -104912292.15425625 -104912292.15425625 -104912292.15425625 -104912292.15425625 -104912292.15425625 -104912292.15425625 -104912292.15425625 -104912292.15425625 -104912292.15425625 -104912292.15425625 -104912292.15425625 -104912292.15425625 -104912292.15425625 -104912292.15425625 -104912292.15425625 
-104912292.15425625 -104912292.15425625 -104912292.15425625 -104912292.15425625 -104912292.15425625 -104912292.15425625 -104912292.15425625 -104912292.15425625 -104912292.15425625 -104912292.15425625 -104912292.15425625 -104912292.15425625 -104912292.15425625 -104912292.15425625 -104912292.15425625 -104912292.15425625 -104912292.15425625 -104912292.15425625 -104912292.15425625 -104912292.15425625 -104912292.15425625 -104912292.15425625 -104912292.15425625 -104912292.15425625 -104912292.15425625 -104912292.15425625 -104912292.15425625 
-104912292.15425625 -104912292.15425625 -104912292.15425625 -104912292.15425625 -104912292.15425625 -104912292.15425625 -104912292.15425625 -104912292.15425625 -104912292.15425625 -104912292.15425625 -104912292.15425625 -104912292.15425625 -104912292.15425625 -104912292.15425625 -104912292.15425625 -104912292.15425625 -104912292.15425625 -104912292.15425625 -104912292.15425625 -104912292.15425625 -104912292.15425625 -104912292.15425625 -104912292.15425625 -104912292.15425625 -104912292.15425625 -104912292.15425625 -104912292.15425625 
-104912292.15425625 -104912292.15425625 -104912292.15425625 -104912292.15425625 -104912292.15425625 -104912292.15425625 -104912292.15425625 -104912292.15425625 -104912292.15425625 -104912292.15425625 -104912292.15425625 -104912292.15425625 -104912292.15425625 -104912292.15425625 -104912292.15425625 -104912292.15425625 -104912292.15425625 -104912292.15425625 -104912292.15425625 -104912292.15425625 -104912292.15425625 -104912292.15425625 -104912292.15425625 -104912292.15425625 -104912292.15425625 -104912292.15425625 -104912292.15425625 
-104912292.15425625 -104912292.15425625 -104912292.15425625 -104912292.15425625 -104912292.15425625 -104912292.15425625 -104912292.15425625 -104912292.15425625 -104912292.15425625 -104912292.15425625 -104912292.15425625 -104912292.15425625 -104912292.15425625 -104912292.15425625 -104912292.15425625 -104912292.15425625 -104912292.15425625 -104912292.15425625 -104912292.15425625 -104912292.15425625 -104912292.15425625 -104912292.15425625 -104912292.15425625 -104912292.15425625 -104912292.15425625 -104912292.15425625 -104912292.15425625 
-104912292.15425625 -104912292.15425628 -104912292.15425625 -104912292.15425625 -104912292.15425625 -104912292.15425625 -104912292.15425625 -104912292.15425625 -104912292.15425625 -104912292.15425625 -104912292.15425625 -104912292.15425625 -104912292.15425625 -104912292.15425625 -104912292.15425625 -104912292.15425625 -104912292.15425625 -104912292.15425625 -104912292.15425625 -104912292.15425625 -104912292.15425625 -104912292.15425625 -104912292.15425625 -104912292.15425625 -104912292.15425625 -104912292.15425625 -104912292.15425625 
-104912292.15425645 -104912292.15425643 -104912292.15425631 -104912292.15425631 -104912292.15425628 -104912292.15425625 -104912292.15425625 -104912292.15425625 -104912292.15425625 -104912292.15425625 -104912292.15425625 -104912292.15425625 -104912292.15425625 -104912292.15425625 -104912292.15425625 -104912292.15425625 -104912292.15425625 -104912292.15425625 -104912292.15425625 -104912292.15425625 -104912292.15425625 -104912292.15425625 -104912292.15425625 -104912292.15425625 -104912292.15425625 -104912292.15425625 -104912292.15425625 
-104912292.15424938 -104912292.15424938 -104912292.15424938 -104912292.15424938 -104912292.15424938 -104912292.15424938 -104912292.15424938 -104912292.1542519 -104912292.15425634 -104912292.15425628 -104912292.15425625 -104912292.15425625 -104912292.15425625 -104912292.15425625 -104912292.15425625 -104912292.15425625 -104912292.15425625 -104912292.15425625 -104912292.15425625 -104912292.15425625 -104912292.15425625 -104912292.15425625 -104912292.15425625 -104912292.15425625 -104912292.15425625 -104912292.15425625 -104912292.15425625 
-104912292.15424938 -104912292.15424938 -104912292.15424938 -104912292.15424938 -104912292.15424938 -104912292.15424938 -104912292.15424938 -104912292.15424938 -104912292.15424938 -104912292.15424938 -104912292.15424979 -104912292.15425631 -104912292.15425628 -104912292.15425625 -104912292.15425625 -104912292.15425625 -104912292.15425625 -104912292.15425625 -104912292.15425625 -104912292.15425625 -104912292.15425625 -104912292.15425625 -104912292.15425625 -104912292.15425625 -104912292.15425625 -104912292.15425625 -104912292.15425625 
-104912292.15424938 -104912292.15424938 -104912292.15424938 -104912292.15424938 -104912292.15424938 -104912292.15424938 -104912292.15424938 -104912292.15424938 -104912292.15424938 -104912292.15424938 -104912292.15424938 -104912292.15424938 -104912292.15424938 -104912292.15425628 -104912292.15425625 -104912292.15425625 -104912292.15425625 -104912292.15425625 -104912292.15425625 -104912292.15425625 -104912292.15425625 -104912292.15425625 -104912292.15425625 -104912292.15425625 -104912292.15425625 -104912292.15425625 -104912292.15425625 
-104983360.52502625 -104976745.67612895 -104968510.35711999 -104958356.85588986 -104945987.54445887 -104931137.13570814 -104913776.01183525 -104912292.15424938 -104912292.15424938 -104912292.15424938 -104912292.15424938 -104912292.15424938 -104912292.15424938 -104912292.15424938 -104912292.15425646 -104912292.15425625 -104912292.15425625 -104912292.15425625 -104912292.15425625 -104912292.15425625 -104912292.15425625 -104912292.15425625 -104912292.15425625 -104912292.15425625 -104912292.15425625 -104912292.15425625 -104912292.15425625 
-105154438.95366858 -105143337.54976724 -105129514.61564766 -105112469.02844068 -105091699.10840045 -105066756.61494586 -105037321.59469631 -105003292.44384919 -104964876.18924798 -104922654.4919523 -104912292.15424938 -104912292.15424938 -104912292.15424938 -104912292.15424938 -104912292.15424938 -104912292.15425378 -104912292.15425628 -104912292.15425628 -104912292.15425628 -104912292.15425625 -104912292.15425628 -104912292.15425628 -104912292.15425625 -104912292.15425625 -104912292.15425625 -104912292.15425625 -104912292.15425625 
-105473658.725018 -105455139.79332611 -105432075.91800754 -105403627.37980211 -105368951.76611038 -105327293.69810627 -105278109.6169141 -105221218.4896135 -105156953.66903149 -105086275.0827225 -105010793.68088593 -104932671.98084871 -104912292.15424938 -104912292.15424938 -104912292.15424938 -104912292.15424938 -104912292.15425104 -104912292.15425627 -104912292.15425628 -104912292.15425625 -104912292.15425628 -104912292.15425625 -104912292.15425625 -104912292.15425628 -104912292.15425625 -104912292.15425625 -104912292.15425625 
-106045694.62997054 -106015043.38891159 -105976856.59000233 -105929734.51175389 -105872268.33939908 -105803187.7569195 -105721567.28355731 -105627076.92600265 -105520236.81329007 -105402608.42694691 -105276842.07719561 -105146518.84668536 -105015781.38711132 -104912292.15472455 -104912292.15424938 -104912292.15424938 -104912292.15424938 -104912292.15425263 -104912292.15425628 -104912292.15425628 -104912292.15425628 -104912292.15425625 -104912292.15425625 -104912292.15425628 -104912292.15425625 -104912292.15425625 -104912292.15425625 
-107039364.0074809 -106989204.07663375 -106926678.04600653 -106849469.30035225 -106755234.06388614 -106641840.43274821 -106507705.39466147 -106352208.07993932 -106176115.0248026 -105981907.73120601 -105773879.04061903 -105557892.1680269 -105340786.4689002 -105129539.70006761 -104930395.9234473 -104912292.15424938 -104912292.15424938 -104912292.15424938 -104912292.15425661 -104912292.15425628 -104912292.15425628 -104912292.15425628 -104912292.15425628 -104912292.15425628 -104912292.15425625 -104912292.15425628 -104912292.15425625 
-108716418.58259444 -108635743.38354483 -108535090.7606005 -108410667.58760385 -108258604.97459273 -108075335.85950921 -107858134.79917696 -107605789.85274327 -107319308.14046411 -107002480.49442904 -106662085.79331052 -106307551.3035199 -105950025.52152954 -105601025.51168774 -105270991.81044848 -104968121.7122759 -104912292.15424938 -104912292.15424938 -104912292.15424938 -104912292.15425631 -104912292.15425628 -104912292.15425628 -104912292.15425628 -104912292.15425628 -104912292.15425628 -104912292.15425625 -104912292.15425628 
-111457486.93887751 -111331180.34341167 -111173380.10037142 -110977981.37061487 -110738679.79486209 -110449543.96165891 -110105852.36701858 -109705160.14901452 -109248454.63997702 -108741132.91135672 -108193448.10971616 -107620105.70413652 -107038895.3793215 -106468571.77869633 -105926494.48276587 -105426635.43662627 -104978403.30551283 -104912292.15424938 -104912292.15424938 -104912292.15424938 -104912292.15425628 -104912292.15425628 -104912292.15425628 -104912292.15425628 -104912292.15425628 -104912292.15425628 -104912292.15425625 
-115757821.15936702 -115568087.68227352 -115330553.36697504 -115035664.91056289 -114673377.53378855 -114233965.44482204 -113709250.52226186 -113094226.60722442 -112388901.65477178 -111599978.9981563 -110741833.19108088 -109836233.63188785 -108910532.37703048 -107994526.60506494 -107116716.25775743 -106300921.2884045 -105564058.7729727 -104917938.59630544 -104912292.15424938 -104912292.15424938 -104912292.15425643 -104912292.15425628 -104912292.15425628 -104912292.15425628 -104912292.15425628 -104912292.15425628 -104912292.15425625 
-122137935.119575 -121869876.00985517 -121533288.77779739 -121113887.76367936 -120596281.22489668 -119964993.98421624 -119206111.9734025 -118309579.05153525 -117271975.47930956 -116099311.2475127 -114809067.03978582 -113430593.06117253 -112003225.24751383 -110572138.19681993 -109182781.65300812 -107875308.79912429 -106680377.29439142 -105617125.20435467 -104912292.15424938 -104912292.15424938 -104912292.15424938 -104912292.15425631 -104912292.15425628 -104912292.15425628 -104912292.15425628 -104912292.15425628 -104912292.15425628 
-130908639.76322347 -130560980.38673864 -130122744.87537007 -129574022.54404308 -128892705.90947431 -128055550.11962077 -127040058.01685502 -125827337.01972803 -124405866.97659348 -122775749.1762101 -120952537.16487804 -118969382.21675667 -116876264.55953364 -114735739.41082653 -112615772.54589516 -110581343.36787945 -108686943.24656957 -106971660.27726832 -105457521.88360432 -104912292.15424938 -104912292.15424938 -104912292.15425633 -104912292.15425631 -104912292.15425628 -104912292.15425628 -104912292.15425628 -104912292.15425625 
-141825580.86270392 -141421457.32673636 -140909716.70734537 -140265257.160419 -139459273.65877634 -138460013.16456336 -137234438.50630748 -135751099.30904073 -133984376.05698971 -131919929.7364458 -129560635.92910379 -126931634.57329433 -124082708.50894947 -121086431.65240537 -118031600.51009713 -115013054.55853322 -112120315.67968956 -109427815.73180504 -106988719.8239888 -104912306.75491273 -104912292.15424938 -104912292.15425661 -104912292.15425633 -104912292.15425628 -104912292.15425628 -104912292.15425628 -104912292.15425628 
-153888738.91789964 -153474341.20801425 -152947120.8255375 -152279194.55553028 -151437539.16314858 -150384117.49852931 -149076763.01673114 -147471207.9596792 -145524639.3046905 -143201006.70567054 -140477898.42218447 -137354123.64921334 -133856348.46744263 -130042618.112295 -126000849.57767725 -121841615.97729287 -117686377.8562335 -113653853.08359568 -109847666.72645295 -106347673.15923296 -104912292.15424938 -104912292.15424938 -104912292.15425646 -104912292.15425631 -104912292.15425628 -104912292.15425628 -104912292.15425628 
-168278302.17285028 -167764091.53754988 -167099860.5479941 -166241802.3746568 -165133292.56835043 -163701121.4913446 -161850607.84543997 -159654281.3117661 -157773073.93976402 -155480962.49703944 -152726134.3436319 -149469480.32826716 -145692295.98029 -141404233.71395552 -136648719.62884003 -131503765.90510392 -126077117.5598311 -120496352.32311551 -114896129.38269292 -109405474.2057228 -104912292.15424938 -104912292.15424938 -104912292.15425646 -104912292.15425633 -104912292.15425628 -104912292.15425628 -104912292.15425628 
-180192395.59831506 -179868592.7425375 -179450283.98587638 -178909848.43003523 -178211566.984683 -177309230.9717688 -176143033.1284916 -174635518.05338627 -172686294.82360548 -170165112.1489272 -166902753.39730483 -162679005.64072227 -158219029.6986692 -154031920.886026 -149176807.23737696 -143644884.20253968 -137450871.08178174 -130627251.09345302 -123211129.86653027 -115221948.62681787 -106624200.66057216 -104912292.15424938 -104912292.15425652 -104912292.15425634 -104912292.15425631 -104912292.15425628 -104912292.15425628 
-187576097.44521546 -187371945.61656395 -187108195.31183344 -186767418.38558862 -186327070.55237183 -185757976.32708168 -185022356.48179498 -184071253.9877596 -182841165.16597217 -181249614.1618603 -179189311.71255988 -176520399.0551244 -173060071.51277247 -168568565.57431042 -162730013.70088053 -156780276.23076177 -150763175.10543954 -143700773.86229962 -135383800.87825835 -125396846.6631387 -112689762.78477737 -104912292.15424938 -104912292.15425353 -104912292.15425646 -104912292.15425631 -104912292.15425628 -104912292.15425628 
-192149938.36544943 -192020534.18556517 -191853347.2590699 -191637325.24062335 -191358168.8324783 -190997368.60203433 -190530949.85676858 -189927832.9334306 -189147684.11058024 -188138087.2732509 -186830802.14679673 -185136781.37000787 -182939479.64063048 -180085776.59542015 -176373504.85113877 -171534044.91074473 -165207573.61477345 -157766030.7710947 -148334391.15877804 -140275869.35479534 -125856126.81655264 -104912292.15424938 -104912292.1542505 -104912292.15425646 -104912292.15425633 -104912292.15425631 -104912292.15425628 
-194991322.364664 -194908594.9648122 -194801711.10349703 -194663603.0043214 -194485125.55847278 -194254439.455289 -193956206.90792325 -193570540.21999073 -193071622.52083158 -192425890.55143648 -191589627.19237703 -190505749.75443953 -189099487.89732617 -187272503.9834597 -184894787.094025 -180477957.92136285 -160203599.40059492 -151293749.6386301 -143991991.13132283 -140157553.0960199 -136876431.30279455 -104912292.15424938 -104912292.15425034 -104912292.15425646 -104912292.15425634 -104912292.15425631 -104912292.15425631 
-196766228.3357151 -196712751.767845 -196643659.14987546 -196554380.9160425 -196439004.0501112 -196289872.88856238 -196097068.47741377 -195847727.6470754 -195525149.30219448 -195107616.1404448 -194566832.31300595 -193865836.93080533 -192956192.44494644 -191774146.98025164 -186887007.05094272 -176653296.48156574 -157619612.6738 -154644101.21239728 -143035804.47076845 -141911373.62780833 -135336165.6476128 -132722312.50913496 -104912292.15424938 -104912292.1542565 -104912292.15425646 -104912292.15425633 -104912292.15425633 
-197883630.8936136 -197848606.1083016 -197803353.15759927 -197744878.8476195 -197669309.8327609 -197571630.9818827 -197445344.0798382 -197282021.34432578 -197070719.22773147 -196797205.24367473 -196442932.24185458 -195983667.65728405 -195227511.8473716 -192249607.23588672 -187050986.7254598 -174576141.42480803 -153347017.3591563 -149673203.75186843 -146341120.30052903 -143621288.4152253 -134515530.98351094 -133138687.7000041 -104912292.15424938 -104912292.1542565 -104912292.15425646 -104912292.15425634 -104912292.15425634 
-198594073.8657331 -198570795.38410717 -198540718.82773554 -198501854.69781858 -198451628.4181256 -198386706.37260157 -198302768.94512188 -198194213.56530797 -198053764.7516597 -197871959.6412105 -197636465.25024408 -197177123.51238036 -195688185.01199594 -193200899.31175742 -187962732.96551767 -167883861.6249343 -151065127.65486848 -160481781.44032305 -155833689.93856072 -143191138.48982692 -142094788.7491101 -133661158.03196031 -104912292.15424938 -104912292.1542565 -104912292.15425646 -104912292.15425646 -104912292.15425646 
