-103813500.27159521 -103813500.27159521 -103813500.27159521 -103813500.27159521 -103813500.27159521 -103813500.27159521 -103813500.27159521 -103813500.27159521 -103813500.27159521 -103813500.27159521 -103813500.27159521 -103813500.27159521 -103813500.27159521 -103813500.27159521 -103813500.27159521 -103813500.27159521 -103813500.27159521 -103813500.27159521 -103813500.27159521 -103813500.27159521 -103813500.27159521 -103813500.27159521 -103813500.27159521 -103813500.27159521 -103813500.27159521 -103813500.27159521 -103813500.27159521 
-103813500.27159521 -103813500.27159521 -103813500.27159521 -103813500.27159521 -103813500.27159521 -103813500.27159521 -103813500.27159521 -103813500.27159521 -103813500.27159521 -103813500.27159521 -103813500.27159521 -103813500.27159521 -103813500.27159521 -103813500.27159521 -103813500.27159521 -103813500.27159521 -103813500.27159521 -103813500.27159521 -103813500.27159521 -103813500.27159521 -103813500.27159521 -103813500.27159521 -103813500.27159521 -103813500.27159521 -103813500.27159521 -103813500.27159521 -103813500.27159521 
-103813500.27159521 -103813500.27159521 -103813500.27159521 -103813500.27159521 -103813500.27159521 -103813500.27159521 -103813500.27159521 -103813500.27159521 -103813500.27159521 -103813500.27159521 -103813500.27159521 -103813500.27159521 -103813500.27159521 -103813500.27159521 -103813500.27159521 -103813500.27159521 -103813500.27159521 -103813500.27159521 -103813500.27159521 -103813500.27159521 -103813500.27159521 -103813500.27159521 -103813500.27159521 -103813500.27159521 -103813500.27159521 -103813500.27159521 -103813500.27159521 
-103813500.27159521 -103813500.27159521 -103813500.27159521 -103813500.27159521 -103813500.27159521 -103813500.27159521 -103813500.27159521 -103813500.27159521 -103813500.27159521 -103813500.27159521 -103813500.27159521 -103813500.27159521 -103813500.27159521 -103813500.27159521 -103813500.27159521 -103813500.27159521 -103813500.27159521 -103813500.27159521 -103813500.27159521 -103813500.27159521 -103813500.27159521 -103813500.27159521 -103813500.27159521 -103813500.27159521 -103813500.27159521 -103813500.27159521 -103813500.27159521 
-103813500.27159521 -103813500.27159521 -103813500.27159521 -103813500.27159521 -103813500.27159521 -103813500.27159521 -103813500.27159521 -103813500.27159521 -103813500.27159521 -103813500.27159521 -103813500.27159521 -103813500.27159521 -103813500.27159521 -103813500.27159521 -103813500.27159521 -103813500.27159521 -103813500.27159521 -103813500.27159521 -103813500.27159521 -103813500.27159521 -103813500.27159521 -103813500.27159521 -103813500.27159521 -103813500.27159521 -103813500.27159521 -103813500.27159521 -103813500.27159521 
-103813500.27159521 -103813500.27159521 -103813500.27159521 -103813500.27159521 -103813500.27159521 -103813500.27159521 -103813500.27159521 -103813500.27159521 -103813500.27159521 -103813500.27159521 -103813500.27159521 -103813500.27159521 -103813500.27159521 -103813500.27159521 -103813500.27159521 -103813500.27159521 -103813500.27159521 -103813500.27159521 -103813500.27159521 -103813500.27159521 -103813500.27159521 -103813500.27159521 -103813500.27159521 -103813500.27159521 -103813500.27159521 -103813500.27159521 -103813500.27159521 
-103813500.27159521 -103813500.27159521 -103813500.27159521 -103813500.27159521 -103813500.27159521 -103813500.27159521 -103813500.27159521 -103813500.27159521 -103813500.27159521 -103813500.27159521 -103813500.27159521 -103813500.27159521 -103813500.27159521 -103813500.27159521 -103813500.27159521 -103813500.27159521 -103813500.27159521 -103813500.27159521 -103813500.27159521 -103813500.27159521 -103813500.27159521 -103813500.27159521 -103813500.27159521 -103813500.27159521 -103813500.27159521 -103813500.27159521 -103813500.27159521 
-103813500.27159521 -103813500.27159521 -103813500.27159521 -103813500.27159521 -103813500.27159521 -103813500.27159521 -103813500.27159521 -103813500.27159521 -103813500.27159521 -103813500.27159521 -103813500.27159521 -103813500.27159521 -103813500.27159521 -103813500.27159521 -103813500.27159521 -103813500.27159521 -103813500.27159521 -103813500.27159521 -103813500.27159521 -103813500.27159521 -103813500.27159521 -103813500.27159521 -103813500.27159521 -103813500.27159521 -103813500.27159521 -103813500.27159521 -103813500.27159521 
-103813500.27159521 -103813500.27159521 -103813500.27159521 -103813500.27159521 -103813500.27159521 -103813500.27159521 -103813500.27159521 -103813500.27159521 -103813500.27159521 -103813500.27159521 -103813500.27159521 -103813500.27159521 -103813500.27159521 -103813500.27159521 -103813500.27159521 -103813500.27159521 -103813500.27159521 -103813500.27159521 -103813500.27159521 -103813500.27159521 -103813500.27159521 -103813500.27159521 -103813500.27159521 -103813500.27159521 -103813500.27159521 -103813500.27159521 -103813500.27159521 
-103813500.27159521 -103813500.27159521 -103813500.27159521 -103813500.27159521 -103813500.27159521 -103813500.27159521 -103813500.27159521 -103813500.27159521 -103813500.27159521 -103813500.27159521 -103813500.27159521 -103813500.27159521 -103813500.27159521 -103813500.27159521 -103813500.27159521 -103813500.27159521 -103813500.27159521 -103813500.27159521 -103813500.27159521 -103813500.27159521 -103813500.27159521 -103813500.27159521 -103813500.27159521 -103813500.27159521 -103813500.27159521 -103813500.27159521 -103813500.27159521 
-103813500.27159521 -103813500.27159521 -103813500.27159521 -103813500.27159521 -103813500.27159521 -103813500.27159521 -103813500.27159521 -103813500.27159521 -103813500.27159521 -103813500.27159521 -103813500.27159521 -103813500.27159521 -103813500.27159521 -103813500.27159521 -103813500.27159521 -103813500.27159521 -103813500.27159521 -103813500.27159521 -103813500.27159521 -103813500.27159521 -103813500.27159521 -103813500.27159521 -103813500.27159521 -103813500.27159521 -103813500.27159521 -103813500.27159521 -103813500.27159521 
-103813500.27159521 -103813500.27159521 -103813500.27159521 -103813500.27159521 -103813500.27159521 -103813500.27159521 -103813500.27159521 -103813500.27159521 -103813500.27159521 -103813500.27159521 -103813500.27159521 -103813500.27159521 -103813500.27159521 -103813500.27159521 -103813500.27159521 -103813500.27159521 -103813500.27159521 -103813500.27159521 -103813500.27159521 -103813500.27159521 -103813500.27159521 -103813500.27159521 -103813500.27159521 -103813500.27159521 -103813500.27159521 -103813500.27159521 -103813500.27159521 
-103813500.27159521 -103813500.27159521 -103813500.27159521 -103813500.27159521 -103813500.27159521 -103813500.27159521 -103813500.27159521 -103813500.27159521 -103813500.27159521 -103813500.27159521 -103813500.27159521 -103813500.27159521 -103813500.27159521 -103813500.27159521 -103813500.27159521 -103813500.27159521 -103813500.27159521 -103813500.27159521 -103813500.27159521 -103813500.27159521 -103813500.27159521 -103813500.27159521 -103813500.27159521 -103813500.27159521 -103813500.27159521 -103813500.27159521 -103813500.27159521 
-103813500.27159525 -103813500.27159525 -103813500.27159525 -103813500.27159525 -103813500.27159525 -103813500.27159525 -103813500.27159525 -103813500.27159522 -103813500.27159521 -103813500.27159521 -103813500.27159521 -103813500.27159521 -103813500.27159521 -103813500.27159521 -103813500.27159521 -103813500.27159521 -103813500.27159521 -103813500.27159521 -103813500.27159521 -103813500.27159521 -103813500.27159521 -103813500.27159521 -103813500.27159521 -103813500.27159521 -103813500.27159521 -103813500.27159521 -103813500.27159521 
-103813500.27159525 -103813500.27159525 -103813500.27159525 -103813500.27159525 -103813500.27159525 -103813500.27159525 -103813500.27159525 -103813500.27159525 -103813500.27159525 -103813500.27159525 -103813500.27159525 -103813500.27159521 -103813500.27159521 -103813500.27159521 -103813500.27159521 -103813500.27159521 -103813500.27159521 -103813500.27159521 -103813500.27159521 -103813500.27159521 -103813500.27159521 -103813500.27159521 -103813500.27159521 -103813500.27159521 -103813500.27159521 -103813500.27159521 -103813500.27159521 
-103813500.27159525 -103813500.27159525 -103813500.27159525 -103813500.27159525 -103813500.27159525 -103813500.27159525 -103813500.27159525 -103813500.27159525 -103813500.27159525 -103813500.27159525 -103813500.27159525 -103813500.27159525 -103813500.27159525 -103813500.27159521 -103813500.27159521 -103813500.27159521 -103813500.27159521 -103813500.27159521 -103813500.27159521 -103813500.27159521 -103813500.27159521 -103813500.27159521 -103813500.27159521 -103813500.27159521 -103813500.27159521 -103813500.27159521 -103813500.27159521 
-103813500.27159531 -103813500.27159525 -103813500.27159525 -103813500.27159525 -103813500.27159525 -103813500.27159525 -103813500.27159525 -103813500.27159525 -103813500.27159525 -103813500.27159525 -103813500.27159525 -103813500.27159525 -103813500.27159525 -103813500.27159534 -103813500.27159521 -103813500.27159521 -103813500.27159521 -103813500.27159521 -103813500.27159521 -103813500.27159521 -103813500.27159521 -103813500.27159521 -103813500.27159521 -103813500.27159521 -103813500.27159521 -103813500.27159521 -103813500.27159521 
-103890460.17174475 -103883689.4025026 -103875259.93507268 -103864867.0325043 -103852206.05858597 -103837005.51576373 -103819073.27751316 -103813500.27159546 -103813500.27159525 -103813500.27159525 -103813500.27159525 -103813500.27159525 -103813500.27159525 -103813500.27159534 -103813500.27159534 -103813500.27159525 -103813500.27159521 -103813500.27159521 -103813500.27159521 -103813500.27159521 -103813500.27159521 -103813500.27159521 -103813500.27159521 -103813500.27159521 -103813500.27159521 -103813500.27159521 -103813500.27159521 
-104067302.49002579 -104055932.1167462 -104041774.14809889 -104024315.25151664 -104003041.52220033 -103977493.81694539 -103947344.46956433 -103912489.6135975 -103873141.7365228 -103829897.3180073 -103813500.27159525 -103813500.27159525 -103813500.27159525 -103813500.27159534 -103813500.27159534 -103813500.27159534 -103813500.27159525 -103813500.27159521 -103813500.27159521 -103813500.27159521 -103813500.27159521 -103813500.27159521 -103813500.27159521 -103813500.27159521 -103813500.27159521 -103813500.27159521 -103813500.27159521 
-104396569.23463535 -104377593.81277731 -104353961.06981345 -104324810.37385757 -104289278.28443596 -104246590.53245935 -104196189.9716988 -104137891.14365192 -104072036.05679329 -103999609.28223321 -103922263.00762726 -103842214.9087724 -103813500.27159525 -103813500.27159534 -103813500.27159534 -103813500.27159534 -103813500.27159534 -103813500.27159525 -103813500.27159521 -103813500.27159521 -103813500.27159521 -103813500.27159521 -103813500.27159521 -103813500.27159521 -103813500.27159521 -103813500.27159521 -103813500.27159521 
-104985738.59582458 -104954325.85125348 -104915189.48585393 -104866894.44430025 -104807996.17908154 -104737191.96290438 -104653532.50160597 -104556679.0837517 -104447164.90433982 -104326591.38779868 -104197676.97394544 -104064094.87265988 -103930094.00621596 -103813500.83327013 -103813500.27159534 -103813500.27159534 -103813500.27159534 -103813500.27159534 -103813500.27159525 -103813500.27159521 -103813500.27159521 -103813500.27159521 -103813500.27159521 -103813500.27159521 -103813500.27159521 -103813500.27159521 -103813500.27159521 
-106007969.62590562 -105956566.42447068 -105892488.5937883 -105813360.71634005 -105716779.04923421 -105600556.53798874 -105463068.4435191 -105303676.35499586 -105123164.75314035 -104924077.49569952 -104710817.07006277 -104489397.44529621 -104266834.07181467 -104050283.82275917 -103846149.31667134 -103813500.27159534 -103813500.27159534 -103813500.27159534 -103813500.27159534 -103813500.27159521 -103813500.27159521 -103813500.27159521 -103813500.27159521 -103813500.27159521 -103813500.27159521 -103813500.27159521 -103813500.27159521 
-107731323.74962075 -107648679.11531442 -107545564.63263111 -107418091.24924129 -107262291.00847965 -107074503.86947152 -106851931.09521203 -106593324.54812364 -106299711.08763693 -105974972.899139 -105626058.28168644 -105262633.9018502 -104896133.52436812 -104538369.5778097 -104200049.86219832 -103889580.38872117 -103813500.27159534 -103813500.27159534 -103813500.27159534 -103813500.27159534 -103813500.27159521 -103813500.27159521 -103813500.27159521 -103813500.27159521 -103813500.27159521 -103813500.27159521 -103813500.27159521 
-110544593.65733887 -110415304.97462325 -110253768.24511226 -110053726.70221621 -109808716.1209125 -109512650.58998117 -109160679.86052072 -108750283.20052698 -108282455.64906526 -107762713.04024997 -107201552.88020042 -106614042.83938798 -106018418.66546567 -105433910.10444708 -104878319.15284273 -104365975.4488446 -103906530.1681449 -103813500.27159534 -103813500.27159534 -103813500.27159534 -103813500.27159521 -103813500.27159521 -103813500.27159521 -103813500.27159521 -103813500.27159521 -103813500.27159521 -103813500.27159521 
-114951170.54160395 -114757243.35447355 -114514429.35019736 -114212944.51772612 -113842494.89877394 -113393104.26247324 -112856370.87249796 -112227131.32983053 -111505350.50209561 -110697849.82686855 -109819314.898483 -108892019.5103971 -107943972.91717015 -107005704.9665361 -106106428.58033621 -105270569.88049133 -104515487.22217724 -103850726.74418306 -103813500.27159534 -103813500.27159534 -103813500.27159534 -103813500.27159521 -103813500.27159521 -103813500.27159521 -103813500.27159521 -103813500.27159521 -103813500.27159521 
-117102229.74325508 -117092749.39287156 -117080477.17496859 -117064579.57858711 -117043965.30912282 -117017195.75743783 -116982339.27141471 -116936470.82347079 -116505589.16736478 -115308635.80514345 -113989744.41367477 -112580067.84742539 -111119907.68280295 -109655506.40018086 -108233409.2635259 -106894765.55169967 -105671025.39359038 -104581860.00520137 -103813500.27159534 -103813500.27159534 -103813500.27159534 -103813500.27159521 -103813500.27159521 -103813500.27159521 -103813500.27159521 -103813500.27159521 -103813500.27159521 
-117114388.02092212 -117108438.59035766 -117100738.20825581 -117090765.30979955 -117077838.7260298 -117061065.94105932 -117039272.57026502 -117010904.83485423 -116973892.1357467 -116925448.2843877 -116861770.04266998 -116777475.47170085 -116112389.9466347 -113926494.46604544 -111759719.49864593 -109679387.77842596 -107741373.74611026 -105985817.9683252 -104435443.80254386 -103813500.27159534 -103813500.27159534 -103813500.27159522 -103813500.27159521 -103813500.27159521 -103813500.27159521 -103813500.27159521 -103813500.27159521 
-117121836.96805745 -117118060.4874502 -117113172.60548009 -117106842.29594548 -117098637.26580992 -117087991.15758903 -117074158.88902415 -117056154.99649954 -117032667.06158556 -117001931.61407796 -116961551.72402175 -116908220.52984077 -116837285.5496448 -116742018.76217121 -116611759.47153169 -114227820.98481065 -111273621.28475398 -108521936.1623521 -106027462.24390498 -103827213.26102217 -103813500.27159534 -103813500.27159534 -103813500.27159521 -103813500.27159521 -103813500.27159521 -103813500.27159521 -103813500.27159521 
-117126458.98140515 -117124032.28958182 -117120891.44078434 -117116823.73281687 -117111551.40000093 -117104710.54684778 -117095822.4684773 -117084254.07057662 -117069162.32591397 -117049414.73183185 -117023472.5827271 -116989214.59593743 -116943660.96105297 -116882523.18004234 -116799431.12677939 -116684509.72695962 -116520332.18381777 -112870292.02651863 -108985476.67159802 -105409297.3736392 -103813500.27159534 -103813500.27159534 -103813500.27159521 -103813500.27159521 -103813500.27159521 -103813500.27159521 -103813500.27159521 
-117129354.17148335 -117127773.34951563 -117125727.30652682 -117123077.48495941 -117119642.94599661 -117115186.64932299 -117109396.77665536 -117101860.96129574 -117092030.13395801 -117079166.76957084 -117062268.991659 -117039956.0168627 -117010289.2298894 -116970481.14021635 -116916398.42424251 -116841661.79077873 -116735889.73492107 -116580880.3369219 -114185056.94012581 -108590841.77357347 -103813500.27159527 -103813500.27159534 -103813500.27159521 -103813500.27159521 -103813500.27159521 -103813500.27159521 -103813500.27159521 
-117131186.73731373 -117130141.44140787 -117128788.52635194 -117127036.37461817 -117124765.3461594 -117121818.70744441 -117117990.28457893 -117113007.42845264 -117106507.11988443 -117098001.77377127 -117086829.11076237 -117072076.5401134 -117052463.16218871 -117026148.10549012 -116990403.99378036 -116941027.67054357 -116871198.40251754 -116769054.61526442 -116611867.36742504 -114600710.68216391 -105866484.61873387 -103813500.27159534 -103813500.27159521 -103813500.27159521 -103813500.27159521 -103813500.27159521 -103813500.27159521 
-117132360.56944409 -117131658.34064694 -117130749.45471044 -117129572.36416672 -117128046.6969203 -117126067.16310722 -117123495.26179235 -117120147.83954427 -117115781.04313862 -117110067.35790382 -117102561.95587283 -117092651.95190178 -117079477.26505582 -117061802.18620326 -117037796.8620105 -117004643.76812151 -116957777.72824703 -116889282.17517741 -116784081.78790143 -116609245.590291 -112224433.60197473 -103813500.27159534 -103813500.27159521 -103813500.27159521 -103813500.27159521 -103813500.27159521 -103813500.27159521 
-117133122.57309493 -117132643.06509693 -117132022.44479178 -117131218.68610932 -117130176.90945224 -117128825.22150001 -117127069.05299143 -117124783.34751216 -117121801.6064243 -117117900.2150758 -117112775.47535892 -117106008.98098834 -117097013.63759118 -117084946.10866481 -117068557.97719002 -117045928.05313395 -117013946.46998651 -116967229.67180416 -116895559.70468289 -116776778.78316039 -116551403.20846362 -103813500.27159534 -103813500.27159521 -103813500.27159521 -103813500.27159521 -103813500.27159521 -103813500.27159521 
-117133624.548978 -117133291.76641488 -117132861.05149491 -117132303.23846745 -117131580.24163218 -117130642.16841769 -117129423.39028971 -117127837.12254989 -117125767.82295421 -117123060.31677708 -117119503.86283596 -117114808.1357748 -117108565.79130508 -117100191.77006476 -117088820.17422494 -117073118.9545607 -117050933.25116499 -117018536.92744385 -116968872.73554613 -116886703.45383236 -116731577.5732094 -103813500.27159534 -103813500.27159521 -103813500.27159521 -103813500.27159521 -103813500.27159521 -103813500.27159521 
-117133960.45393673 -117133725.85767531 -117133422.22432244 -117133028.99399969 -117132519.31907739 -117131858.02931511 -117130998.86240575 -117129880.64359663 -117128421.92805594 -117126513.33623995 -117124006.32429047 -117120696.25897737 -117116296.04186478 -117110393.35429387 -117102378.04323672 -117091311.70839338 -117075676.93068573 -117052851.78136422 -117017877.3240297 -116960077.38079597 -116851302.49186017 -114372423.62095235 -103813500.27159521 -103813500.27159521 -103813500.27159521 -103813500.27159521 -103813500.27159521 
-117134188.90909097 -117134021.09232965 -117133803.89099638 -117133522.59827846 -117133158.00984713 -117132684.96842791 -117132070.38303019 -117131270.4965466 -117130227.05392848 -117128861.8204953 -117127068.55084947 -117124700.88529149 -117121553.48961368 -117117331.4878639 -117111598.56080605 -117103683.7687288 -117092502.49011628 -117076181.56983429 -117051181.60192792 -117009883.56770866 -116848644.75751087 -116461957.18365869 -103813500.27159506 -103813500.27159518 -103813500.27159518 -103813500.27159518 -103813500.27159521 
-117134346.83688778 -117134225.18438499 -117134067.73294926 -117133863.82193477 -117133599.53072682 -117133256.62387857 -117132811.11550407 -117132231.2889378 -117131474.91958928 -117130485.30205834 -117129185.42965768 -117127469.22269541 -117125187.86098473 -117122127.63504478 -117117972.34524661 -117112235.81866832 -117104132.08015707 -117092636.15937243 -117052117.42670657 -116730178.71433672 -117285155.89888339 -113347993.62418754 -103813500.27159934 -103813500.27160239 -103813500.27160227 -103813500.27160208 -103813500.27160203 
