nan nan nan nan nan nan nan nan nan nan nan nan nan nan nan nan nan nan nan nan nan nan nan nan nan nan nan 
nan nan nan nan nan nan nan nan nan nan nan nan nan nan nan nan nan nan nan nan nan nan nan nan nan nan nan 
nan nan nan nan nan nan nan nan nan nan nan nan nan nan nan nan nan nan nan nan nan nan nan nan nan nan nan 
nan nan nan nan nan nan nan nan nan nan nan nan nan nan nan nan nan nan nan nan nan nan nan nan nan nan nan 
nan nan nan nan nan nan nan nan nan nan nan nan nan nan nan nan nan nan nan nan nan nan nan nan nan nan nan 
nan nan nan nan nan nan nan nan nan nan nan nan nan nan nan nan nan nan nan nan nan nan nan nan nan nan nan 
nan nan nan nan nan nan nan nan nan nan nan nan nan nan nan nan nan nan nan nan nan nan nan nan nan nan nan 
nan nan nan nan nan nan nan nan nan nan nan nan nan nan nan nan nan nan nan nan nan nan nan nan nan nan nan 
nan nan nan nan nan nan nan nan nan nan nan nan nan nan nan nan nan nan nan nan nan nan nan nan nan nan nan 
nan nan nan nan nan nan nan nan nan nan nan nan nan nan nan nan nan nan nan nan nan nan nan nan nan nan nan 
nan nan nan nan nan nan nan nan nan nan nan nan nan nan nan nan nan nan nan nan nan nan nan nan nan nan nan 
nan nan nan nan nan nan nan nan nan nan nan nan nan nan nan nan nan nan nan nan nan nan nan nan nan nan nan 
nan nan nan nan nan nan nan nan nan nan nan nan nan nan nan nan nan nan nan nan nan nan nan nan nan nan nan 
nan nan nan nan nan nan nan nan nan nan nan nan nan nan nan nan nan nan nan nan nan nan nan nan nan nan nan 
nan nan nan nan nan nan nan nan nan nan nan nan nan nan nan nan nan nan nan nan nan nan nan nan nan nan nan 
nan nan nan nan nan nan nan nan nan nan nan nan nan nan nan nan nan nan nan nan nan nan nan nan nan nan nan 
nan nan nan nan nan nan nan nan nan nan nan nan nan nan nan nan nan nan nan nan nan nan nan nan nan nan nan 
256.6486993690811 256.7364888004119 256.84595637308723 256.9811691605805 257.05553502550913 nan nan nan nan nan nan nan nan nan nan nan nan nan nan nan nan nan nan nan nan nan nan 
254.97193160854175 255.09225876172758 255.24230005839985 255.42765363057998 255.65400565738275 255.9265649187291 256.2492611970191 256.6237557810657 257.04190665925563 nan nan nan nan nan nan nan nan nan nan nan nan nan nan nan nan nan nan 
252.53729833827123 252.70386792428488 252.91158461303803 253.16820802835028 253.4816242214076 253.85906365955975 254.3059915179967 254.8247364501323 255.4130627102699 256.06304229367873 256.7606694480873 nan nan nan nan nan nan nan nan nan nan nan nan nan nan nan nan 
248.9612004084266 249.1939225494843 249.48418198213187 249.8428566612111 250.2810182029428 250.8088425580816 251.4340601806653 252.16003567915214 252.98376094112444 253.89425954454964 254.87202335412377 255.88999774308166 256.9162338864167 nan nan nan nan nan nan nan nan nan nan nan nan nan nan 
243.66515028288285 243.99254782266172 244.4010298485521 244.90600559461922 245.5232067571199 246.2671652589811 247.14903577802028 248.17388221692408 249.33782049943778 250.62571567137178 252.01031441214556 253.4535590722412 254.91027757373928 256.3336227986324 nan nan nan nan nan nan nan nan nan nan nan nan nan 
235.8009670078876 236.2624907710159 236.8386790583415 237.55152940459976 238.4236258385278 239.47602170202657 240.7251804345949 242.1791224939514 243.83331156000446 245.6672556503649 247.64308310349304 249.70719618688332 251.79534815209018 253.84032132114254 255.78035328466214 nan nan nan nan nan nan nan nan nan nan nan nan 
224.1919516644485 224.83831964896171 225.6461410025476 226.64688744308904 227.87317574073296 229.35587818366452 231.11987251086748 233.1785896592146 235.52805364851542 238.1417529891447 240.9681441455676 243.93245239889296 246.94343564887743 249.90412227148983 252.72397990940857 255.329390128233 nan nan nan nan nan nan nan nan nan nan nan 
207.36909013376766 208.25638087212968 209.36720637604725 210.7462473399661 212.44049577089382 214.49547866984284 216.94953363495796 219.82624081960714 223.12583475890713 226.8173505840574 230.8340287198101 235.07452013072907 239.41122966234468 243.704859304541 247.82184386823593 251.65020746748732 255.11008533829533 nan nan nan nan nan nan nan nan nan nan 
183.8569108769803 185.0278625856233 186.4975677771964 188.3279616014546 190.5855708774572 193.33698048162722 196.64160629120266 200.54167974557774 205.05023485377325 210.1391690590957 215.73071546820404 221.6961272199785 227.86422605350896 234.03958920011405 240.02662088146877 245.6534259673797 250.78960642479092 255.35463177472428 nan nan nan nan nan nan nan nan nan 
152.88279946980887 154.33222439198886 156.1578373034925 158.4414739719573 161.27347374611023 164.74802587098057 168.9550831899148 173.96832427437764 179.82955779467315 186.53152016963574 194.00291188581204 202.10087148907195 210.615672572398 219.28950271760104 227.84646158353485 236.0266385566861 243.6156726681844 250.46328504554822 256.4885240626688 nan nan nan nan nan nan nan nan 
166.77094577905316 165.48162447548793 163.85176706725753 161.8036644010197 159.249210222222 156.09292147646005 152.23794896783346 147.595887669875 146.96120532998725 155.1699101428515 164.50365706700893 174.84542044415164 185.9826769801708 197.61831144547642 209.39952940881585 220.9593044413935 231.96027238143387 242.13049874995505 251.28415100170474 nan nan nan nan nan nan nan nan 
214.86765484737185 213.41135830697215 211.56144744757148 209.2224443353087 206.28240289630713 202.61414739669587 198.07941668730135 192.53720085506419 185.85739924230688 177.94014040791296 168.73943518629198 158.28737626633747 153.1953565598877 167.67506218205205 182.87099709726476 198.3470919985523 213.642507808059 228.32376376854154 242.0286558320208 254.49400532010628 nan nan nan nan nan nan nan 
nan nan nan nan nan nan 248.87466658889008 243.15989847423478 236.14879481301958 227.65703442253692 217.52868770988724 205.6640109271658 192.0493178295431 176.7823265993438 160.08493236062017 166.64479308214715 186.37704676522105 206.36475917004702 226.09581069025097 245.10023339741576 nan nan nan nan nan nan nan 
nan nan nan nan nan nan nan nan nan nan nan 257.42178549741146 243.7174575301916 227.6443968442884 209.2369893136408 188.56309491404517 165.79528752616955 173.80063600453468 199.966513974262 227.4813118001261 256.17548535369946 nan nan nan nan nan nan 
nan nan nan nan nan nan nan nan nan nan nan nan nan nan 262.69565199790236 242.3872730180106 218.61684092825942 191.13837251898082 160.96307886350795 196.22610674737618 239.48884917777653 nan nan nan nan nan nan 
nan nan nan nan nan nan nan nan nan nan nan nan nan nan nan nan nan 249.1984306619625 217.89488702388417 177.7793902196676 200.89562808439388 nan nan nan nan nan nan 
nan nan nan nan nan nan nan nan nan nan nan nan nan nan nan nan 271.29975643626744 236.34520281765302 209.81940788249386 189.2150918236186 173.44571039953374 nan nan nan nan nan nan 
nan nan nan nan nan nan nan nan nan nan nan nan nan nan nan nan 266.3723300481919 236.90677336991962 213.71870243787768 192.36197414511622 175.4666125803743 166.4078150189675 nan nan nan nan nan 
nan nan nan nan nan nan nan nan nan nan nan nan nan nan nan nan 263.7196689193182 241.90830516182697 222.26765236196536 201.62028471216905 178.6065967427532 165.97304953086766 nan nan nan nan nan 
nan nan nan nan nan nan nan nan nan nan nan nan nan nan nan nan 261.5148810695953 246.69323834497186 225.97561602696024 206.85461541323969 184.62330206138353 168.91072188485467 nan nan nan nan nan 
