nan nan nan nan nan nan nan nan nan nan nan nan nan nan nan nan nan nan nan nan nan nan nan nan nan nan nan 
nan nan nan nan nan nan nan nan nan nan nan nan nan nan nan nan nan nan nan nan nan nan nan nan nan nan nan 
nan nan nan nan nan nan nan nan nan nan nan nan nan nan nan nan nan nan nan nan nan nan nan nan nan nan nan 
nan nan nan nan nan nan nan nan nan nan nan nan nan nan nan nan nan nan nan nan nan nan nan nan nan nan nan 
nan nan nan nan nan nan nan nan nan nan nan nan nan nan nan nan nan nan nan nan nan nan nan nan nan nan nan 
nan nan nan nan nan nan nan nan nan nan nan nan nan nan nan nan nan nan nan nan nan nan nan nan nan nan nan 
nan nan nan nan nan nan nan nan nan nan nan nan nan nan nan nan nan nan nan nan nan nan nan nan nan nan nan 
nan nan nan nan nan nan nan nan nan nan nan nan nan nan nan nan nan nan nan nan nan nan nan nan nan nan nan 
nan nan nan nan nan nan nan nan nan nan nan nan nan nan nan nan nan nan nan nan nan nan nan nan nan nan nan 
nan nan nan nan nan nan nan nan nan nan nan nan nan nan nan nan nan nan nan nan nan nan nan nan nan nan nan 
nan nan nan nan nan nan nan nan nan nan nan nan nan nan nan nan nan nan nan nan nan nan nan nan nan nan nan 
nan nan nan nan nan nan nan nan nan nan nan nan nan nan nan nan nan nan nan nan nan nan nan nan nan nan nan 
nan nan nan nan nan nan nan nan nan nan nan nan nan nan nan nan nan nan nan nan nan nan nan nan nan nan nan 
nan nan nan nan nan nan nan nan nan nan nan nan nan nan nan nan nan nan nan nan nan nan nan nan nan nan nan 
nan nan nan nan nan nan nan nan nan nan nan nan nan nan nan nan nan nan nan nan nan nan nan nan nan nan nan 
nan nan nan nan nan nan nan nan nan nan nan nan nan nan nan nan nan nan nan nan nan nan nan nan nan nan nan 
nan nan nan nan nan nan nan nan nan nan nan nan nan nan nan nan nan nan nan nan nan nan nan nan nan nan nan 
-991069486.3418859 -991846722.9312173 -992816601.119232 -994015826.7626545 -995481942.6822366 -997249740.5579357 -999346050.6459922 nan nan nan nan nan nan nan nan nan nan nan nan nan nan nan nan nan nan nan nan 
-977196996.4897113 -978196018.018534 -979442798.7163781 -980984630.5917608 -982869935.2257527 -985143663.6572449 -987840685.1056321 -990977503.001314 -994543462.3769813 -998493550.6958636 nan nan nan nan nan nan nan nan nan nan nan nan nan nan nan nan nan 
-959439857.9935058 -960719341.4912333 -962316452.7448034 -964291999.330217 -966708350.2778665 -969623569.9511704 -973082960.6906712 -977108430.6114637 -981687159.8435134 -986762249.387215 -992228813.8217884 -997938550.889634 nan nan nan nan nan nan nan nan nan nan nan nan nan nan nan 
-936864435.4044905 -938493224.1490128 -940527013.905247 -943043716.3835335 -946123473.6024029 -949841244.7137787 -954256061.9856642 -959397449.7684538 -965250844.4058075 -971745414.2524731 -978748714.6566737 -986072128.8502707 -993488454.0741098 -999999967.9384923 nan nan nan nan nan nan nan nan nan nan nan nan nan 
-908492030.7529509 -910544691.9541538 -913109109.6567792 -916284511.8061154 -920173441.8505161 -924872532.5998933 -930459017.6090918 -936973526.7519008 -944401402.361314 -952656779.1010784 -961575071.9359094 -970919035.8445256 -980400387.5181495 -989713790.2037964 -998575157.0971999 nan nan nan nan nan nan nan nan nan nan nan nan 
-873516592.7144907 -876061009.2455801 -879242495.3691931 -883186138.7951045 -888022161.2874755 -893874728.5768245 -900845353.0446479 -908991412.6102778 -918302389.7736999 -928678995.2864752 -939922269.071991 -951739422.8649623 -963769459.8697866 -975625143.6738263 -986941554.1242056 -997418773.1784012 nan nan nan nan nan nan nan nan nan nan nan 
-831765413.2118487 -834836668.0721728 -838682042.4815302 -843456516.3595793 -849323261.5508833 -856440648.160217 -864942509.653318 -874911997.3099658 -886351821.1525556 -899156883.9149643 -913098000.1828601 -927825533.8513199 -942897737.9076161 -957830788.6750273 -972159260.87068 -985491572.404867 -997547190.9781842 nan nan nan nan nan nan nan nan nan nan 
-784501879.0941424 -788058493.9764831 -792520565.1433597 -798074646.3189623 -804920416.5608196 -813256664.2334454 -823259151.7112856 -835050197.1831956 -848662534.8299265 -864003875.2147 -880832296.2129176 -898753767.7243748 -917249402.9583384 -935731245.7405782 -953614909.4509445 -970390692.5867132 -985675737.956823 -999237540.9283532 nan nan nan nan nan nan nan nan nan 
-751399767.7516148 -751404301.3520361 -751416863.9990335 -751574185.665755 -757868209.413878 -767072407.9297233 -778206989.457389 -791438515.1191651 -806853254.4394417 -824405225.4929321 -843879002.7055539 -864874753.619914 -886826442.3211815 -909056076.993011 -930854506.7224659 -951569052.0589668 -970675958.2303921 -987822323.0160053 nan nan nan nan nan nan nan nan nan 
-807507240.8763424 -807507315.005971 -807507411.615722 -807507538.5591888 -807507707.8044996 -807507939.3348927 -807508270.9576347 -807508787.4292972 -807509732.8380631 -807512226.9630357 -807554568.9554467 -828080715.4889442 -852813658.7616125 -878367854.9837873 -903941190.7867289 -928736939.6344664 -952056849.7028916 -973370230.7257276 -992346213.1891679 nan nan nan nan nan nan nan nan 
-850957703.5457494 -850957798.9379035 -850957915.4117259 -850958055.8135599 -850958222.6208975 -850958417.7402451 -850958642.5399008 -850958898.469296 -850959188.963996 -850959524.3660318 -850959935.640088 -850960523.8804969 -850961756.0949736 -850974364.8510133 -874077877.7815665 -902311233.4174924 -929663781.2964206 -955391705.5709995 -978930637.3825343 -999868751.486249 nan nan nan nan nan nan nan 
-884592023.8031988 -884593134.0865549 -884594303.6751442 -884595497.3436736 -884596677.0638947 -884597806.8752351 -884598857.2855949 -884599808.194472 -884600649.9620377 -884601382.9677621 -884602016.5800375 -884602569.0449791 -884603071.5395843 -884603588.5981687 -884604337.663788 -884607892.5433366 -904228947.9226551 -933768283.4270374 -961976596.8394824 -988209341.8350886 nan nan nan nan nan nan nan 
-869280850.7999368 -871330444.4312581 -873911301.4156626 -877138643.2210033 -881139496.6620439 -886046050.0796901 -891984033.1657981 -899054482.2081178 -907288892.9047697 -910626918.9717503 -910644345.8172176 -910648510.6838727 -910650352.0015697 -910651386.9711607 -910652070.4230198 -910652623.4136462 -910653353.991661 -910677592.078232 -941189496.3352398 -972739372.487779 nan nan nan nan nan nan nan 
-829172346.9531893 -831577355.6650987 -834610317.596892 -838410170.7030141 -843131802.3792543 -848939066.4512899 -855992141.323875 -864428113.3857124 -874334987.7295176 -885721758.5806137 -898490363.8581309 -912417725.4516487 -927140555.3182337 -930813528.7890067 -930818941.8209065 -930820433.8805497 -930821166.4260134 -930821714.7477078 -930823067.0813082 -952561091.7781863 -990893059.5669966 nan nan nan nan nan nan 
-786298453.0129822 -788966944.6916771 -792339450.8788372 -796576141.7915004 -801858312.1526104 -808381956.0941355 -816345114.0934393 -825927334.628039 -837260772.9105066 -850394962.4967852 -865261045.4779176 -881645098.6668886 -899181834.9084406 -917376848.096445 -935655751.5371852 -946428583.9359452 -946435789.9313947 -946437012.9351429 -946437590.4010736 -946438402.1743356 -971260815.5506086 nan nan nan nan nan nan 
-745887557.5024908 -748621983.109847 -752087764.6630605 -756457424.3672066 -761930110.3542132 -768727131.3155446 -777081399.3631527 -787218568.4829797 -799328385.5952091 -813526878.576034 -829813759.6457584 -848034163.8098148 -867857463.3886173 -888785319.2733063 -910194327.3335031 -931407074.5289311 -951771700.8866593 -958525559.598453 -958527882.2011716 -958528514.9227078 -958529373.8010743 nan nan nan nan nan nan 
-715446631.1027498 -717971315.8214142 -721182278.1520963 -725248338.1543723 -730368830.4294558 -736772299.6653905 -744710275.1584182 -754443680.0720778 -766219493.867203 -780236431.4788859 -796601224.0211434 -815281670.1220255 -836067795.6856674 -858555422.0357149 -882163892.57366 -906190511.9165049 -929891635.012845 -952570351.6278546 -967885148.5377932 -967889566.1593931 -967890181.2783734 nan nan nan nan nan nan 
-702197746.9714468 -704259868.705766 -706891984.1271774 -710240376.961494 -714481749.338554 -719825068.9653003 -726510455.5308983 -734803049.2555718 -744979355.0805898 -757303630.5861013 -771993075.0013006 -789173461.4038125 -808831457.2716657 -830774919.4860568 -854615113.1296508 -879782001.9458448 -905574786.7554382 -931238181.1021093 -956046307.7837355 -975133541.8580463 -975138167.6924319 -975260643.402338 nan nan nan nan nan 
-751059967.0740565 -751077833.3501499 -751100914.0686828 -751130733.2007864 -751169261.5087215 -751219048.4682589 -751283393.7683376 -751366570.6787931 -751474117.6707244 -751637895.5017015 -761989301.5281191 -775868172.7383316 -792231901.1460027 -811147334.0565225 -832532907.3726965 -856135599.6577256 -881533058.925014 -908164345.8101531 -935383782.3267926 -962525151.0316646 -980748962.2798387 -981213367.3217751 nan nan nan nan nan 
-805132356.2050005 -805141143.9385898 -805152497.0924735 -805167165.8614357 -805186120.6640743 -805210617.3581556 -805242282.1481576 -805283222.3848343 -805336171.5765675 -805404679.8860058 -805493365.568485 -805608248.8434286 -805757198.5783556 -805959616.0493944 -821367442.5315845 -840624510.7891247 -862467692.2231741 -886800222.6922697 -913453537.7406132 -942238559.2313035 -973025417.467837 -984802355.453852 nan nan nan nan nan 
