nan nan nan nan nan nan nan nan nan nan nan nan nan nan nan nan nan nan nan nan nan nan nan nan nan nan nan 
nan nan nan nan nan nan nan nan nan nan nan nan nan nan nan nan nan nan nan nan nan nan nan nan nan nan nan 
nan nan nan nan nan nan nan nan nan nan nan nan nan nan nan nan nan nan nan nan nan nan nan nan nan nan nan 
nan nan nan nan nan nan nan nan nan nan nan nan nan nan nan nan nan nan nan nan nan nan nan nan nan nan nan 
nan nan nan nan nan nan nan nan nan nan nan nan nan nan nan nan nan nan nan nan nan nan nan nan nan nan nan 
nan nan nan nan nan nan nan nan nan nan nan nan nan nan nan nan nan nan nan nan nan nan nan nan nan nan nan 
nan nan nan nan nan nan nan nan nan nan nan nan nan nan nan nan nan nan nan nan nan nan nan nan nan nan nan 
nan nan nan nan nan nan nan nan nan nan nan nan nan nan nan nan nan nan nan nan nan nan nan nan nan nan nan 
nan nan nan nan nan nan nan nan nan nan nan nan nan nan nan nan nan nan nan nan nan nan nan nan nan nan nan 
nan nan nan nan nan nan nan nan nan nan nan nan nan nan nan nan nan nan nan nan nan nan nan nan nan nan nan 
nan nan nan nan nan nan nan nan nan nan nan nan nan nan nan nan nan nan nan nan nan nan nan nan nan nan nan 
nan nan nan nan nan nan nan nan nan nan nan nan nan nan nan nan nan nan nan nan nan nan nan nan nan nan nan 
nan nan nan nan nan nan nan nan nan nan nan nan nan nan nan nan nan nan nan nan nan nan nan nan nan nan nan 
nan nan nan nan nan nan nan nan nan nan nan nan nan nan nan nan nan nan nan nan nan nan nan nan nan nan nan 
nan nan nan nan nan nan nan nan nan nan nan nan nan nan nan nan nan nan nan nan nan nan nan nan nan nan nan 
nan nan nan nan nan nan nan nan nan nan nan nan nan nan nan nan nan nan nan nan nan nan nan nan nan nan nan 
nan nan nan nan nan nan nan nan nan nan nan nan nan nan nan nan nan nan nan nan nan nan nan nan nan nan nan 
-34.86310536634788 -35.52153948834978 -24.816609013630277 -13.300062285955509 -14.54026099390753 nan nan nan nan nan nan nan nan nan nan nan nan nan nan nan nan nan nan nan nan nan nan 
-33.658985383691956 -33.36317699625453 -33.11329952303793 -34.317419505693856 -34.317419505693856 -34.26104537501992 -33.83134340832127 -34.91947949702182 -9.710437404653435 nan nan nan nan nan nan nan nan nan nan nan nan nan nan nan nan nan nan 
-33.11329952303793 -33.11329952303793 -33.36317699625453 -33.71535951436589 -33.843037920621256 -33.71535951436589 -33.83134340832127 -33.36317699625453 -33.11329952303793 -34.567296978910456 -28.723078069286323 nan nan nan nan nan nan nan nan nan nan nan nan nan nan nan nan 
-32.02516343433738 -32.76111700492657 -32.317419505693856 -32.51123953170997 -32.408934486815205 -32.317419505693856 -32.159057013598606 -33.36317699625453 -33.71535951436589 -33.01099447814317 -33.36317699625453 -34.567296978910456 -15.682689675404754 nan nan nan nan nan nan nan nan nan nan nan nan nan nan 
-31.909179540382006 -31.632574144049443 -31.852805409708065 -32.159057013598606 -32.51123953170997 -32.317419505693856 -32.51123953170997 -33.11329952303793 -31.806874495487243 -33.36317699625453 -33.71535951436589 -33.96523698758249 -33.229283416993304 -35.16935697023842 nan nan nan nan nan nan nan nan nan nan nan nan nan 
-32.51123953170997 -32.159057013598606 -31.556997022270643 -31.909179540382006 -32.51123953170997 -32.317419505693856 -32.02516343433738 -31.157852312460236 -31.806874495487243 -33.11329952303793 -33.11329952303793 -32.62722342566534 -33.11329952303793 -33.11329952303793 -34.26104537501992 nan nan nan nan nan nan nan nan nan nan nan nan 
-31.250745418380102 -31.909179540382006 -31.556997022270643 -31.909179540382006 -31.556997022270643 -31.852805409708065 -32.51123953170997 -31.423103443009417 -31.852805409708065 -32.317419505693856 -32.51123953170997 -33.11329952303793 -32.91947949702182 -32.51123953170997 -33.229283416993304 -34.317419505693856 nan nan nan nan nan nan nan nan nan nan nan 
-31.556997022270643 -31.250745418380102 -31.556997022270643 -31.307119549054043 -30.352877039614718 -31.909179540382006 -31.307119549054043 -31.556997022270643 -32.159057013598606 -31.715359514365893 -32.51123953170997 -32.159057013598606 -32.76111700492657 -33.01099447814317 -32.76111700492657 -33.229283416993304 -34.567296978910456 nan nan nan nan nan nan nan nan nan nan 
-31.20481450415928 -31.11329952303793 -31.909179540382006 -32.159057013598606 -31.307119549054043 -31.250745418380102 -30.602754512831318 -31.307119549054043 -31.715359514365893 -31.20481450415928 -31.423103443009417 -31.715359514365893 -31.909179540382006 -33.11329952303793 -32.76111700492657 -33.240977929293294 -32.76111700492657 -34.12359947967774 nan nan nan nan nan nan nan nan nan 
-31.11329952303793 -31.556997022270643 -31.307119549054043 -31.11329952303793 -30.10299956639812 -31.307119549054043 -31.11329952303793 -31.909179540382006 -31.307119549054043 -31.307119549054043 -31.909179540382006 -32.317419505693856 -31.20481450415928 -32.51123953170997 -31.307119549054043 -32.51123953170997 -32.408934486815205 -33.36317699625453 -20.827680714612253 nan nan nan nan nan nan nan nan 
-30.64868542705214 -31.43479795530941 -30.602754512831318 -30.602754512831318 -31.556997022270643 -31.307119549054043 -31.250745418380102 -30.95493703094268 -31.307119549054043 -30.70505955772608 -31.556997022270643 -31.715359514365893 -31.250745418380102 -32.159057013598606 -31.852805409708065 -31.852805409708065 -32.45486540103603 -32.234634135377405 -33.96523698758249 nan nan nan nan nan nan nan nan 
-31.11329952303793 -30.95493703094268 -30.70505955772608 -30.283352827096294 -31.11329952303793 -30.70505955772608 -30.95493703094268 -30.352877039614718 -30.95493703094268 -30.821043451681454 -31.909179540382006 -31.11329952303793 -31.250745418380102 -31.307119549054043 -31.852805409708065 -31.307119549054043 -32.51123953170997 -33.11329952303793 -32.408934486815205 -34.26104537501992 nan nan nan nan nan nan nan 
-30.64868542705214 -31.307119549054043 -30.64868542705214 -30.95493703094268 -24.40089018006243 -12.861380807435003 -16.324576414082834 -31.556997022270643 -30.95493703094268 -31.556997022270643 -31.307119549054043 -31.556997022270643 -31.307119549054043 -30.51123953170997 -31.423103443009417 -31.715359514365893 -32.159057013598606 -32.317419505693856 -32.76111700492657 -33.71535951436589 nan nan nan nan nan nan nan 
-31.715359514365893 -30.70505955772608 -31.11329952303793 -31.909179540382006 -31.11329952303793 -31.250745418380102 -31.11329952303793 -30.95493703094268 -31.250745418380102 -31.250745418380102 -31.909179540382006 -8.833338226652666 -31.909179540382006 -31.307119549054043 -31.556997022270643 -31.250745418380102 -31.715359514365893 -31.909179540382006 -32.02516343433738 -32.91947949702182 -13.302518729867007 nan nan nan nan nan nan 
-31.715359514365893 -31.909179540382006 -32.159057013598606 -31.250745418380102 -31.715359514365893 -31.11329952303793 -30.70505955772608 -31.556997022270643 -31.250745418380102 -31.909179540382006 -31.307119549054043 -31.250745418380102 -31.909179540382006 -31.11329952303793 -8.851372062609203 -32.03685794663737 -32.159057013598606 -31.909179540382006 -32.51123953170997 -32.76111700492657 -33.11329952303793 nan nan nan nan nan nan 
-31.307119549054043 -31.909179540382006 -31.250745418380102 -31.556997022270643 -30.95493703094268 -31.715359514365893 -31.556997022270643 -31.556997022270643 -32.159057013598606 -31.20481450415928 -31.556997022270643 -31.556997022270643 -32.159057013598606 -31.11329952303793 -31.03051415272148 -31.909179540382006 -18.746584295940803 -5.609250373718121 -3.76543681279503 -26.099758184996258 -33.11329952303793 nan nan nan nan nan nan 
-32.51123953170997 -32.159057013598606 -31.715359514365893 -31.852805409708065 -31.909179540382006 -32.159057013598606 -31.909179540382006 -31.852805409708065 -31.909179540382006 -31.909179540382006 -31.852805409708065 -31.715359514365893 -31.715359514365893 -31.715359514365893 -23.361232485420125 -0.5412566092305156 0.22395172665596402 0.18791380255475182 0.05291215867975608 -0.2687423826609234 -1.0910944577025241 nan nan nan nan nan nan 
-32.159057013598606 -32.83669412670537 -31.806874495487243 -31.556997022270643 -32.317419505693856 -31.070920924898054 -31.556997022270643 -31.423103443009417 -32.51123953170997 -31.715359514365893 -32.159057013598606 -31.806874495487243 -31.909179540382006 -7.663373451591701 -0.2918371009793931 0.28523912281538205 0.23445859841024017 0.17208217382806756 0.07232148636050349 -0.23170024804455544 -0.7134120140736008 -1.5042717890684285 nan nan nan nan nan 
-31.909179540382006 -32.45486540103603 -32.159057013598606 -32.317419505693856 -32.02516343433738 -32.76111700492657 -32.02516343433738 -32.51123953170997 -32.51123953170997 -31.632574144049443 -32.159057013598606 -32.51123953170997 -1.3290944008902423 -0.1667594700938176 0.10284270755578581 0.25816018462099255 0.2810784604438777 0.148992756303625 -0.0966065031872057 -0.5457396637709557 -0.5767754308557425 -1.110012241256443 nan nan nan nan nan 
-32.76111700492657 -32.317419505693856 -32.76111700492657 -32.45486540103603 -32.317419505693856 -32.159057013598606 -31.715359514365893 -33.36317699625453 -32.317419505693856 -32.317419505693856 -31.909179540382006 -1.5094303552407535 -0.40970078871145305 -0.17134367932752262 -0.07259666812675189 -0.17239047991977244 0.09791668520347588 -0.05067092252635775 -0.14936058136197486 -0.4706860353722452 -0.7172455381844547 -1.1442719164185666 nan nan nan nan nan 
