nan nan nan nan nan nan nan nan nan nan nan nan nan nan nan nan nan nan nan nan nan nan nan nan nan nan nan 
nan nan nan nan nan nan nan nan nan nan nan nan nan nan nan nan nan nan nan nan nan nan nan nan nan nan nan 
nan nan nan nan nan nan nan nan nan nan nan nan nan nan nan nan nan nan nan nan nan nan nan nan nan nan nan 
nan nan nan nan nan nan nan nan nan nan nan nan nan nan nan nan nan nan nan nan nan nan nan nan nan nan nan 
nan nan nan nan nan nan nan nan nan nan nan nan nan nan nan nan nan nan nan nan nan nan nan nan nan nan nan 
nan nan nan nan nan nan nan nan nan nan nan nan nan nan nan nan nan nan nan nan nan nan nan nan nan nan nan 
nan nan nan nan nan nan nan nan nan nan nan nan nan nan nan nan nan nan nan nan nan nan nan nan nan nan nan 
nan nan nan nan nan nan nan nan nan nan nan nan nan nan nan nan nan nan nan nan nan nan nan nan nan nan nan 
nan nan nan nan nan nan nan nan nan nan nan nan nan nan nan nan nan nan nan nan nan nan nan nan nan nan nan 
nan nan nan nan nan nan nan nan nan nan nan nan nan nan nan nan nan nan nan nan nan nan nan nan nan nan nan 
nan nan nan nan nan nan nan nan nan nan nan nan nan nan nan nan nan nan nan nan nan nan nan nan nan nan nan 
nan nan nan nan nan nan nan nan nan nan nan nan nan nan nan nan nan nan nan nan nan nan nan nan nan nan nan 
nan nan nan nan nan nan nan nan nan nan nan nan nan nan nan nan nan nan nan nan nan nan nan nan nan nan nan 
nan nan nan nan nan nan nan nan nan nan nan nan nan nan nan nan nan nan nan nan nan nan nan nan nan nan nan 
nan nan nan nan nan nan nan nan nan nan nan nan nan nan nan nan nan nan nan nan nan nan nan nan nan nan nan 
nan nan nan nan nan nan nan nan nan nan nan nan nan nan nan nan nan nan nan nan nan nan nan nan nan nan nan 
nan nan nan nan nan nan nan nan nan nan nan nan nan nan nan nan nan nan nan nan nan nan nan nan nan nan nan 
-34.86310536634788 -34.86310536634788 -24.821556017717974 -13.300813725836242 -14.544935534184527 nan nan nan nan nan nan nan nan nan nan nan nan nan nan nan nan nan nan nan nan nan nan 
-33.71535951436589 -33.36317699625453 -33.658985383691956 -33.52153948834978 -33.71535951436589 -34.26104537501992 -34.567296978910456 -34.317419505693856 -9.710793690688485 nan nan nan nan nan nan nan nan nan nan nan nan nan nan nan nan nan nan 
-32.76111700492657 -33.05692539236399 -33.36317699625453 -33.11329952303793 -32.76111700492657 -33.11329952303793 -33.05692539236399 -33.36317699625453 -34.44509791194922 -34.725659471005706 -28.749051266745134 nan nan nan nan nan nan nan nan nan nan nan nan nan nan nan nan 
-32.76111700492657 -31.632574144049443 -32.76111700492657 -32.76111700492657 -33.11329952303793 -33.11329952303793 -33.36317699625453 -32.76111700492657 -33.36317699625453 -33.05692539236399 -33.96523698758249 -34.26104537501992 -15.684716543237204 nan nan nan nan nan nan nan nan nan nan nan nan nan nan 
-31.632574144049443 -32.159057013598606 -32.76111700492657 -32.317419505693856 -31.715359514365893 -32.45486540103603 -32.02516343433738 -32.45486540103603 -32.51123953170997 -32.08953280108018 -33.11329952303793 -33.11329952303793 -33.229283416993304 -33.71535951436589 nan nan nan nan nan nan nan nan nan nan nan nan nan 
-31.909179540382006 -32.159057013598606 -32.159057013598606 -32.159057013598606 -32.159057013598606 -32.51123953170997 -32.159057013598606 -31.852805409708065 -32.51123953170997 -32.51123953170997 -32.159057013598606 -33.11329952303793 -33.05692539236399 -34.317419505693856 -34.567296978910456 nan nan nan nan nan nan nan nan nan nan nan nan 
-31.307119549054043 -31.250745418380102 -31.556997022270643 -31.715359514365893 -31.852805409708065 -31.909179540382006 -31.852805409708065 -31.556997022270643 -32.159057013598606 -32.51123953170997 -31.909179540382006 -32.76111700492657 -31.965236987582493 -32.91947949702182 -32.76111700492657 -33.83134340832127 nan nan nan nan nan nan nan nan nan nan nan 
-32.159057013598606 -30.70505955772608 -31.423103443009417 -31.11329952303793 -31.909179540382006 -31.250745418380102 -31.11329952303793 -31.556997022270643 -31.307119549054043 -31.556997022270643 -31.20481450415928 -31.556997022270643 -32.159057013598606 -33.11329952303793 -32.76111700492657 -33.71535951436589 -33.96523698758249 nan nan nan nan nan nan nan nan nan nan 
-31.556997022270643 -31.250745418380102 -31.556997022270643 -31.556997022270643 -31.250745418380102 -31.307119549054043 -31.909179540382006 -31.909179540382006 -32.51123953170997 -32.159057013598606 -31.715359514365893 -32.317419505693856 -32.408934486815205 -31.715359514365893 -33.11329952303793 -32.62722342566534 -32.76111700492657 -34.26104537501992 nan nan nan nan nan nan nan nan nan 
-31.556997022270643 -31.909179540382006 -31.307119549054043 -31.715359514365893 -31.307119549054043 -32.159057013598606 -31.307119549054043 -31.556997022270643 -31.250745418380102 -9.340871744436216 -31.909179540382006 -31.250745418380102 -31.852805409708065 -31.852805409708065 -32.02516343433738 -33.11329952303793 -32.159057013598606 -33.96523698758249 -20.83765300651743 nan nan nan nan nan nan nan nan 
-31.556997022270643 -31.909179540382006 -31.20481450415928 -31.11329952303793 -32.02516343433738 -32.03685794663737 -31.250745418380102 -31.03051415272148 -31.715359514365893 -30.95493703094268 -31.909179540382006 -31.556997022270643 -31.715359514365893 -31.852805409708065 -31.909179540382006 -31.715359514365893 -32.76111700492657 -33.16935697023842 -33.96523698758249 nan nan nan nan nan nan nan nan 
-32.51123953170997 -32.159057013598606 -31.909179540382006 -31.909179540382006 -31.556997022270643 -31.909179540382006 -32.02516343433738 -31.852805409708065 -32.159057013598606 -32.51123953170997 -31.909179540382006 -31.423103443009417 -32.159057013598606 -31.715359514365893 -32.159057013598606 -31.852805409708065 -32.02516343433738 -32.45486540103603 -33.36317699625453 -34.43340339964923 nan nan nan nan nan nan nan 
-32.51123953170997 -31.715359514365893 -31.556997022270643 -31.909179540382006 -31.852805409708065 -32.159057013598606 -32.51123953170997 -32.51123953170997 -32.51123953170997 -32.159057013598606 -32.159057013598606 -31.556997022270643 -31.806874495487243 -31.48747280975222 -31.852805409708065 -31.852805409708065 -32.317419505693856 -31.632574144049443 -33.71535951436589 -33.229283416993304 nan nan nan nan nan nan nan 
-31.11329952303793 -31.423103443009417 -30.652401680281383 -31.03051415272148 -31.556997022270643 -30.70505955772608 -31.11329952303793 -31.909179540382006 -32.317419505693856 -31.852805409708065 -32.51123953170997 -31.806874495487243 -32.51123953170997 -32.51123953170997 -32.02516343433738 -32.159057013598606 -31.632574144049443 -32.317419505693856 -10.970877375318064 -32.76111700492657 -13.337348692672386 nan nan nan nan nan nan 
-30.821043451681454 -31.307119549054043 -31.03051415272148 -31.11329952303793 -31.423103443009417 -31.715359514365893 -31.909179540382006 -32.159057013598606 -31.423103443009417 -31.423103443009417 -32.76111700492657 -31.423103443009417 -32.317419505693856 -32.159057013598606 -16.39071927649373 -32.317419505693856 -32.51123953170997 -31.806874495487243 -33.11329952303793 -31.48747280975222 -33.71535951436589 nan nan nan nan nan nan 
-31.556997022270643 -31.250745418380102 -32.159057013598606 -31.11329952303793 -30.95493703094268 -30.95493703094268 -30.95493703094268 -31.556997022270643 -31.20481450415928 -31.909179540382006 -30.761117004926568 -31.909179540382006 -32.159057013598606 -31.11329952303793 -32.02516343433738 -32.45486540103603 -33.240977929293294 -32.51123953170997 -33.11329952303793 -32.234634135377405 -32.45486540103603 nan nan nan nan nan nan 
-30.70505955772608 -30.70505955772608 -30.70505955772608 -30.95493703094268 -30.95493703094268 -31.556997022270643 -30.95493703094268 -30.95493703094268 -30.95493703094268 -31.307119549054043 -31.250745418380102 -30.652401680281383 -32.03685794663737 -31.307119549054043 -31.852805409708065 -31.715359514365893 -32.51123953170997 -33.11329952303793 -33.05692539236399 -32.76111700492657 -32.91947949702182 nan nan nan nan nan nan 
-30.51123953170997 -30.821043451681454 -30.95493703094268 -30.602754512831318 -30.95493703094268 -30.428454161393518 -30.51123953170997 -31.307119549054043 -31.307119549054043 -30.821043451681454 -31.11329952303793 -31.250745418380102 -31.423103443009417 -31.556997022270643 -31.03051415272148 -32.51123953170997 -32.51123953170997 -32.51123953170997 -33.11329952303793 -33.71535951436589 -33.96523698758249 nan nan nan nan nan nan 
-30.95493703094268 -31.250745418380102 -31.307119549054043 -31.11329952303793 -31.715359514365893 -31.307119549054043 -30.70505955772608 -23.770802102865353 -8.470292950131153 -31.307119549054043 -31.250745418380102 -31.250745418380102 -31.909179540382006 -31.909179540382006 -31.909179540382006 -31.909179540382006 -31.852805409708065 -32.51123953170997 -32.159057013598606 -32.62722342566534 -32.91947949702182 -1.1849611655394532 nan nan nan nan nan 
-31.307119549054043 -31.715359514365893 -31.11329952303793 -31.11329952303793 -31.556997022270643 -31.909179540382006 -31.307119549054043 -31.250745418380102 -30.95493703094268 -31.250745418380102 -30.70505955772608 -30.70505955772608 -25.19601927456687 -31.250745418380102 -30.885412818424257 -31.423103443009417 -31.909179540382006 -31.852805409708065 -31.909179540382006 -32.76111700492657 -33.05692539236399 -1.5154510790129505 nan nan nan nan nan 
