nan nan nan nan nan nan nan nan nan nan nan nan nan nan nan nan nan nan nan nan nan nan nan nan nan nan nan 
nan nan nan nan nan nan nan nan nan nan nan nan nan nan nan nan nan nan nan nan nan nan nan nan nan nan nan 
nan nan nan nan nan nan nan nan nan nan nan nan nan nan nan nan nan nan nan nan nan nan nan nan nan nan nan 
nan nan nan nan nan nan nan nan nan nan nan nan nan nan nan nan nan nan nan nan nan nan nan nan nan nan nan 
nan nan nan nan nan nan nan nan nan nan nan nan nan nan nan nan nan nan nan nan nan nan nan nan nan nan nan 
nan nan nan nan nan nan nan nan nan nan nan nan nan nan nan nan nan nan nan nan nan nan nan nan nan nan nan 
nan nan nan nan nan nan nan nan nan nan nan nan nan nan nan nan nan nan nan nan nan nan nan nan nan nan nan 
nan nan nan nan nan nan nan nan nan nan nan nan nan nan nan nan nan nan nan nan nan nan nan nan nan nan nan 
nan nan nan nan nan nan nan nan nan nan nan nan nan nan nan nan nan nan nan nan nan nan nan nan nan nan nan 
nan nan nan nan nan nan nan nan nan nan nan nan nan nan nan nan nan nan nan nan nan nan nan nan nan nan nan 
nan nan nan nan nan nan nan nan nan nan nan nan nan nan nan nan nan nan nan nan nan nan nan nan nan nan nan 
nan nan nan nan nan nan nan nan nan nan nan nan nan nan nan nan nan nan nan nan nan nan nan nan nan nan nan 
nan nan nan nan nan nan nan nan nan nan nan nan nan nan nan nan nan nan nan nan nan nan nan nan nan nan nan 
nan nan nan nan nan nan nan nan nan nan nan nan nan nan nan nan nan nan nan nan nan nan nan nan nan nan nan 
nan nan nan nan nan nan nan nan nan nan nan nan nan nan nan nan nan nan nan nan nan nan nan nan nan nan nan 
nan nan nan nan nan nan nan nan nan nan nan nan nan nan nan nan nan nan nan nan nan nan nan nan nan nan nan 
-26.720080207399253 -16.823809418347917 -10.04342181937139 nan nan nan nan nan nan nan nan nan nan nan nan nan nan nan nan nan nan nan nan nan nan nan nan 
-33.36317699625453 -33.658985383691956 -33.96523698758249 -33.71535951436589 -33.71535951436589 -35.04715790327718 -35.16935697023842 -14.958377148921294 nan nan nan nan nan nan nan nan nan nan nan nan nan nan nan nan nan nan nan 
-32.91947949702182 -33.05692539236399 -33.36317699625453 -32.51123953170997 -32.51123953170997 -33.01099447814317 -33.96523698758249 -34.12359947967774 -34.567296978910456 -21.830012569751332 nan nan nan nan nan nan nan nan nan nan nan nan nan nan nan nan nan 
-33.11329952303793 -32.45486540103603 -32.76111700492657 -32.317419505693856 -32.159057013598606 -32.62722342566534 -32.76111700492657 -32.62722342566534 -33.71535951436589 -34.317419505693856 -34.26104537501992 -17.71792249112687 nan nan nan nan nan nan nan nan nan nan nan nan nan nan nan 
-31.909179540382006 -31.423103443009417 -32.51123953170997 -32.51123953170997 -32.76111700492657 -32.91947949702182 -32.45486540103603 -32.408934486815205 -33.11329952303793 -33.11329952303793 -34.317419505693856 -34.317419505693856 -34.317419505693856 nan nan nan nan nan nan nan nan nan nan nan nan nan nan 
-31.423103443009417 -32.159057013598606 -31.423103443009417 -31.715359514365893 -32.317419505693856 -32.159057013598606 -31.909179540382006 -32.159057013598606 -32.159057013598606 -32.45486540103603 -33.11329952303793 -32.62722342566534 -33.36317699625453 -34.12359947967774 -14.910641751998334 nan nan nan nan nan nan nan nan nan nan nan nan 
-31.715359514365893 -31.556997022270643 -31.909179540382006 -31.556997022270643 -31.423103443009417 -31.715359514365893 -31.909179540382006 -31.909179540382006 -31.852805409708065 -32.02516343433738 -32.51123953170997 -32.51123953170997 -33.05692539236399 -33.71535951436589 -33.96523698758249 -34.91947949702182 nan nan nan nan nan nan nan nan nan nan nan 
-31.909179540382006 -31.909179540382006 -30.95493703094268 -30.95493703094268 -31.909179540382006 -31.20481450415928 -31.250745418380102 -31.909179540382006 -31.556997022270643 -31.556997022270643 -32.317419505693856 -31.852805409708065 -32.45486540103603 -32.51123953170997 -32.51123953170997 -34.317419505693856 -34.317419505693856 nan nan nan nan nan nan nan nan nan nan 
-31.307119549054043 -30.95493703094268 -31.250745418380102 -31.250745418380102 -31.11329952303793 -31.11329952303793 -31.307119549054043 -30.95493703094268 -31.11329952303793 -31.423103443009417 -31.715359514365893 -31.852805409708065 -32.02516343433738 -32.76111700492657 -32.317419505693856 -32.317419505693856 -34.317419505693856 -33.83134340832127 nan nan nan nan nan nan nan nan nan 
-31.307119549054043 -31.48747280975222 -31.556997022270643 -30.821043451681454 -31.556997022270643 -30.70505955772608 -31.11329952303793 -31.250745418380102 -31.250745418380102 -31.307119549054043 -31.556997022270643 -31.715359514365893 -31.909179540382006 -32.51123953170997 -32.317419505693856 -32.45486540103603 -33.11329952303793 -33.52153948834978 -34.26104537501992 nan nan nan nan nan nan nan nan 
-30.70505955772608 -30.70505955772608 -31.307119549054043 -30.51123953170997 -30.95493703094268 -30.70505955772608 -30.51123953170997 -30.64868542705214 -31.307119549054043 -31.250745418380102 -31.556997022270643 -31.556997022270643 -31.11329952303793 -31.852805409708065 -31.556997022270643 -31.909179540382006 -32.51123953170997 -33.36317699625453 -33.05692539236399 -34.91947949702182 nan nan nan nan nan nan nan 
-30.51123953170997 -30.70505955772608 -29.750817048286756 -30.95493703094268 -30.70505955772608 -30.70505955772608 -30.352877039614718 -30.64868542705214 -30.95493703094268 -30.352877039614718 -30.821043451681454 -30.70505955772608 -31.250745418380102 -31.556997022270643 -31.909179540382006 -31.556997022270643 -31.909179540382006 -32.159057013598606 -33.11329952303793 -33.96523698758249 -33.96523698758249 nan nan nan nan nan nan 
-29.909179540382006 -30.70505955772608 -30.04662543572418 -29.750817048286756 -30.352877039614718 -30.70505955772608 -29.264740950914167 -29.681292835768332 -30.10299956639812 -30.352877039614718 -30.70505955772608 -31.11329952303793 -30.95493703094268 -31.11329952303793 -31.307119549054043 -31.11329952303793 -32.159057013598606 -32.51123953170997 -32.76111700492657 -32.51123953170997 -33.05692539236399 -34.91947949702182 nan nan nan nan nan 
-30.10299956639812 -29.500939575070156 -30.352877039614718 -30.04662543572418 -30.04662543572418 -30.04662543572418 -29.750817048286756 -30.10299956639812 -30.51123953170997 -29.750817048286756 -30.95493703094268 -30.70505955772608 -31.307119549054043 -30.95493703094268 -31.556997022270643 -31.250745418380102 -31.307119549054043 -31.556997022270643 -31.307119549054043 -32.51123953170997 -33.11329952303793 -33.71535951436589 -35.16935697023842 nan nan nan nan 
-30.10299956639812 -29.307119549054043 -29.148757056958793 -29.148757056958793 -30.10299956639812 -30.352877039614718 -30.70505955772608 -29.750817048286756 -30.10299956639812 -29.681292835768332 -30.95493703094268 -30.70505955772608 -30.51123953170997 -30.64868542705214 -31.11329952303793 -31.556997022270643 -31.307119549054043 -31.423103443009417 -31.909179540382006 -32.317419505693856 -32.51123953170997 -32.45486540103603 -32.91947949702182 -34.567296978910456 nan nan nan 
-30.10299956639812 -30.10299956639812 -30.10299956639812 -29.750817048286756 -29.398634530175393 -30.10299956639812 -29.500939575070156 -29.500939575070156 -30.352877039614718 -30.10299956639812 -29.750817048286756 -30.352877039614718 -29.681292835768332 -30.95493703094268 -30.64868542705214 -31.11329952303793 -30.000694521503355 -30.95493703094268 -31.03051415272148 -31.852805409708065 -31.556997022270643 -32.02516343433738 -33.11329952303793 -33.229283416993304 -34.21511446079909 nan nan 
-29.61692346902553 -29.307119549054043 -30.10299956639812 -30.10299956639812 -30.352877039614718 -29.07923284444037 -28.898879583742193 -30.10299956639812 -30.04662543572418 -29.909179540382006 -30.04662543572418 -30.10299956639812 -30.352877039614718 -30.70505955772608 -30.352877039614718 -30.352877039614718 -31.556997022270643 -31.556997022270643 -31.250745418380102 -31.909179540382006 -32.159057013598606 -32.51123953170997 -32.45486540103603 -32.51123953170997 -33.658985383691956 -10.394230246918934 nan 
-29.500939575070156 -29.148757056958793 -30.10299956639812 -29.750817048286756 -30.10299956639812 -30.10299956639812 -29.307119549054043 -30.10299956639812 -30.230677972653485 -30.10299956639812 -29.909179540382006 -30.352877039614718 -30.04662543572418 -31.307119549054043 -30.51123953170997 -30.352877039614718 -30.218983460353492 -30.64868542705214 -31.250745418380102 -31.250745418380102 -30.821043451681454 -32.159057013598606 -30.91947949702182 -33.11329952303793 -33.11329952303793 -34.317419505693856 nan 
-29.500939575070156 -29.148757056958793 -28.95493703094268 -29.224334178737593 -29.750817048286756 -30.10299956639812 -29.44456544439622 -30.159057013598606 -29.909179540382006 -29.750817048286756 -30.04662543572418 -30.04662543572418 -29.909179540382006 -30.352877039614718 -30.000694521503355 -31.307119549054043 -30.51123953170997 -31.307119549054043 -30.64868542705214 -31.250745418380102 -31.909179540382006 -31.250745418380102 -31.556997022270643 -32.76111700492657 -32.76111700492657 -33.96523698758249 -34.725659471005706 
-30.352877039614718 -30.10299956639812 -30.10299956639812 -29.307119549054043 -29.909179540382006 -29.866628088582083 -10.227670268297814 -24.218299989215158 -30.04662543572418 -29.750817048286756 -29.909179540382006 -29.750817048286756 -30.04662543572418 -30.70505955772608 -30.04662543572418 -30.352877039614718 -30.51123953170997 -30.64868542705214 -30.70505955772608 -31.307119549054043 -30.821043451681454 -31.307119549054043 -32.159057013598606 -32.51123953170997 -32.51123953170997 -31.759912303788198 -33.71535951436589 
-30.10299956639812 -30.04662543572418 -29.398634530175393 -29.61692346902553 -30.352877039614718 -30.04662543572418 -29.61692346902553 -30.51123953170997 -30.352877039614718 -29.750817048286756 -26.182300314701514 -30.70505955772608 -29.909179540382006 -30.04662543572418 -30.000694521503355 -30.000694521503355 -29.909179540382006 -30.95493703094268 -30.64868542705214 -30.64868542705214 -30.821043451681454 -31.909179540382006 -31.250745418380102 -32.51123953170997 -31.909179540382006 -31.909179540382006 -32.51123953170997 
