nan nan nan nan nan nan nan nan nan nan nan nan nan nan nan nan nan nan nan nan nan nan nan nan nan nan nan 
nan nan nan nan nan nan nan nan nan nan nan nan nan nan nan nan nan nan nan nan nan nan nan nan nan nan nan 
nan nan nan nan nan nan nan nan nan nan nan nan nan nan nan nan nan nan nan nan nan nan nan nan nan nan nan 
nan nan nan nan nan nan nan nan nan nan nan nan nan nan nan nan nan nan nan nan nan nan nan nan nan nan nan 
nan nan nan nan nan nan nan nan nan nan nan nan nan nan nan nan nan nan nan nan nan nan nan nan nan nan nan 
nan nan nan nan nan nan nan nan nan nan nan nan nan nan nan nan nan nan nan nan nan nan nan nan nan nan nan 
nan nan nan nan nan nan nan nan nan nan nan nan nan nan nan nan nan nan nan nan nan nan nan nan nan nan nan 
nan nan nan nan nan nan nan nan nan nan nan nan nan nan nan nan nan nan nan nan nan nan nan nan nan nan nan 
nan nan nan nan nan nan nan nan nan nan nan nan nan nan nan nan nan nan nan nan nan nan nan nan nan nan nan 
nan nan nan nan nan nan nan nan nan nan nan nan nan nan nan nan nan nan nan nan nan nan nan nan nan nan nan 
nan nan nan nan nan nan nan nan nan nan nan nan nan nan nan nan nan nan nan nan nan nan nan nan nan nan nan 
nan nan nan nan nan nan nan nan nan nan nan nan nan nan nan nan nan nan nan nan nan nan nan nan nan nan nan 
nan nan nan nan nan nan nan nan nan nan nan nan nan nan nan nan nan nan nan nan nan nan nan nan nan nan nan 
nan nan nan nan nan nan nan nan nan nan nan nan nan nan nan nan nan nan nan nan nan nan nan nan nan nan nan 
nan nan nan nan nan nan nan nan nan nan nan nan nan nan nan nan nan nan nan nan nan nan nan nan nan nan nan 
nan nan nan nan nan nan nan nan nan nan nan nan nan nan nan nan nan nan nan nan nan nan nan nan nan nan nan 
nan nan nan nan nan nan nan nan nan nan nan nan nan nan nan nan nan nan nan nan nan nan nan nan nan nan nan 
-29.148757056958793 -29.500939575070156 -29.44456544439622 -30.10299956639812 -29.750817048286756 -30.51123953170997 -5.089796483086959 nan nan nan nan nan nan nan nan nan nan nan nan nan nan nan nan nan nan nan nan 
-28.898879583742193 -28.412803486369604 -28.70505955772608 -29.014863477697567 -28.79657453884743 -28.70505955772608 -29.909179540382006 -30.10299956639812 -29.500939575070156 -11.81189314238188 nan nan nan nan nan nan nan nan nan nan nan nan nan nan nan nan nan 
-29.500939575070156 -28.842505453068256 -28.70505955772608 -28.10299956639812 -29.500939575070156 -29.307119549054043 -29.750817048286756 -29.500939575070156 -30.10299956639812 -29.500939575070156 -30.352877039614718 -16.841623343366564 nan nan nan nan nan nan nan nan nan nan nan nan nan nan nan 
-28.898879583742193 -22.005840809430538 -17.548084205995 -12.037953846101345 -5.304738808870603 1.160939715753555 2.587892798374066 2.5424637303401383 2.28143563748677 1.3635888252987607 -24.49627149987294 -28.749612347148386 -29.307119549054043 -15.654949889446218 nan nan nan nan nan nan nan nan nan nan nan nan nan 
-16.297648130705287 -12.770479212494694 -8.253903220306418 -2.683171190549154 2.5129407787726765 2.858787439064036 2.918931423195361 2.705527580225678 2.9321365305106912 2.7667666603013266 2.3890824264626564 2.057251982324501 -7.653027469185667 -29.909179540382006 -10.337903125699455 nan nan nan nan nan nan nan nan nan nan nan nan 
-9.289369195319082 -5.723889181579754 -1.2580810978012642 2.5037459483054567 2.8154084156355346 2.8044385529487292 2.8842861668856328 3.0491612023780026 2.912192569562307 2.6331141333864543 2.437891992026098 2.415471880194189 2.0767278206084567 1.7110299684829258 -30.352877039614718 -20.86064873984832 nan nan nan nan nan nan nan nan nan nan nan 
-3.9797305425393934 -0.4298334643406851 2.4243995657355493 2.7538850600667275 2.638999542177276 2.9294835619362987 2.8352457961930897 2.686599445627393 2.830730987418646 2.8657538899281914 2.410012902531934 2.27425432645198 2.306414056637436 1.819176503945794 1.6199547810437298 -6.035772917843953 -19.47238596352892 nan nan nan nan nan nan nan nan nan nan 
-0.03702922204238606 2.2023341169850936 2.6052687413161233 2.7384140911339747 2.7130151314290027 2.7366902259749053 2.8184568433784216 2.8321211958369923 2.6500068101988554 2.7940341804809843 2.693415328113619 2.587436826774436 2.467216087835194 2.0023725847872558 1.9550423268151482 1.544913142377151 0.3456286034528957 -5.600019355902688 nan nan nan nan nan nan nan nan nan 
2.1208111678018504 2.1596386339075297 2.2457331423626075 2.584288206214477 2.1471829675332783 2.2237184287748892 2.44426982369893 2.343027754489659 2.373754381609343 2.754144093059461 2.30249632930387 2.495630080551145 2.321497421677741 2.2032070129602044 2.0279637311097996 1.678675006282136 1.2224733684127946 0.061110271341659465 nan nan nan nan nan nan nan nan nan 
2.210171876208825 2.365022906242751 2.215838648433855 2.473440676271776 2.4705070282915127 2.2949899494125554 2.340025025348021 2.370313295810246 2.389091351523037 2.3986700091218345 2.400048348206813 2.5975258227132225 1.874870826669808 2.0902551464646995 1.926429624400433 1.7393019486686638 1.468928944753306 0.9963975084181499 -0.32547098363780197 nan nan nan nan nan nan nan nan 
1.7588160592226578 1.9852739757841102 2.246900632789562 2.2147864427252517 2.2809530344666316 -0.5288956289635424 2.3586675899591416 2.378579592577145 2.3894783104758393 2.3930597578345107 2.390496729329178 2.3824038957198614 1.9775930729477078 2.0648506471228107 1.6117964947250183 1.6343739871265759 1.3636166148525408 1.2116983802436319 0.7674884526457174 -9.24202255017734 nan nan nan nan nan nan nan 
2.0836648758889664 2.1048954301419007 2.2020996531951016 2.2698197658416146 -9.280147545011678 2.3494107254082777 2.370213082782561 2.382143192172279 2.3870261819253638 2.3861574446404896 0.7728601045101178 0.6735721136991459 2.2253523886112117 2.1024229991185237 1.7996114749734238 1.6331760877682755 1.4333217800536953 1.0533464826008436 0.5700687688927691 0.029769751703027186 nan nan nan nan nan nan nan 
2.0830059048394816 -8.138384288442637 -11.934437718721705 2.3090609339747417 -15.825115274617247 2.2576614847182497 -7.9492590862510175 -7.958586716945674 nan 2.3786908773726214 nan -9.714393005944894 -0.6105562868110602 1.9243933794151022 1.8737957887029317 1.3249005079802656 1.2816578157887193 0.8520078229292377 0.8175791509329102 0.4556793461068733 nan nan nan nan nan nan nan 
0.9918550781647303 -11.162124724726265 2.302120299061408 nan 1.3394735130149173 -16.74282146312862 -16.6062194488553 nan 2.3774232847333683 nan -10.928430302428017 2.3479336233390433 2.3297319879650633 2.292433116301093 1.8339761664056953 1.4520762550236952 1.3055987516050627 0.697152182275218 0.8807105947833016 0.5222287521281772 0.03380262101297041 nan nan nan nan nan nan 
nan nan 2.3304091888166054 -7.466293810626948 2.3678168177851626 2.375297623476253 0.6451067229961152 nan 2.371849292414128 nan nan -12.246179256911836 -3.9253656534544086 2.0217655804281383 1.322320038703706 1.0554138528369572 1.0470834435912777 0.5454293943825235 0.4754349050779672 0.47474125945277035 0.06257366514415709 nan nan nan nan nan nan 
-0.6062532688573589 nan nan nan nan nan nan nan nan nan nan nan nan nan -16.463533141265668 1.4683016150884267 1.1818957543831607 0.9080161031075616 0.5622277551701405 0.10784301506234158 0.039203019653689115 nan nan nan nan nan nan 
nan nan nan nan nan nan nan nan nan nan nan nan nan nan nan nan -2.720172039391892 0.8798887149923915 0.7018847303171715 0.13832879088134875 -0.20931239589552927 nan nan nan nan nan nan 
nan nan nan nan nan nan nan nan nan nan nan nan nan nan nan nan 1.6582134158768258 -1.6726959740875962 0.5384907203550086 0.34138558245210576 -0.3597887559244861 -0.8523697201050272 nan nan nan nan nan 
nan nan nan nan nan nan nan nan nan nan nan nan nan nan nan nan nan nan -0.6537163209906138 -0.04762110861809418 -0.42467261115435817 -0.6782133973201059 nan nan nan nan nan 
nan nan nan nan nan nan nan nan nan nan nan nan nan nan nan nan nan nan 0.5366475054806842 0.054504649972832886 -0.15131266326149578 -0.38141369538835257 nan nan nan nan nan 
