nan nan nan nan nan nan nan nan nan nan nan nan nan nan nan nan nan nan nan nan nan nan nan nan nan nan nan 
nan nan nan nan nan nan nan nan nan nan nan nan nan nan nan nan nan nan nan nan nan nan nan nan nan nan nan 
nan nan nan nan nan nan nan nan nan nan nan nan nan nan nan nan nan nan nan nan nan nan nan nan nan nan nan 
nan nan nan nan nan nan nan nan nan nan nan nan nan nan nan nan nan nan nan nan nan nan nan nan nan nan nan 
nan nan nan nan nan nan nan nan nan nan nan nan nan nan nan nan nan nan nan nan nan nan nan nan nan nan nan 
nan nan nan nan nan nan nan nan nan nan nan nan nan nan nan nan nan nan nan nan nan nan nan nan nan nan nan 
nan nan nan nan nan nan nan nan nan nan nan nan nan nan nan nan nan nan nan nan nan nan nan nan nan nan nan 
nan nan nan nan nan nan nan nan nan nan nan nan nan nan nan nan nan nan nan nan nan nan nan nan nan nan nan 
nan nan nan nan nan nan nan nan nan nan nan nan nan nan nan nan nan nan nan nan nan nan nan nan nan nan nan 
nan nan nan nan nan nan nan nan nan nan nan nan nan nan nan nan nan nan nan nan nan nan nan nan nan nan nan 
nan nan nan nan nan nan nan nan nan nan nan nan nan nan nan nan nan nan nan nan nan nan nan nan nan nan nan 
nan nan nan nan nan nan nan nan nan nan nan nan nan nan nan nan nan nan nan nan nan nan nan nan nan nan nan 
nan nan nan nan nan nan nan nan nan nan nan nan nan nan nan nan nan nan nan nan nan nan nan nan nan nan nan 
nan nan nan nan nan nan nan nan nan nan nan nan nan nan nan nan nan nan nan nan nan nan nan nan nan nan nan 
nan nan nan nan nan nan nan nan nan nan nan nan nan nan nan nan nan nan nan nan nan nan nan nan nan nan nan 
nan nan nan nan nan nan nan nan nan nan nan nan nan nan nan nan nan nan nan nan nan nan nan nan nan nan nan 
-18.892869969412992 -12.37844490553223 -2.7484458109468846 nan nan nan nan nan nan nan nan nan nan nan nan nan nan nan nan nan nan nan nan nan nan nan nan 
-26.490639618430347 -27.34257708297491 -27.09269960975831 -26.60662351238572 -26.60662351238572 -27.20868350371368 -28.29681959241423 -8.14141639390283 nan nan nan nan nan nan nan nan nan nan nan nan nan nan nan nan nan nan nan 
-26.434265487756406 -27.09269960975831 -27.09269960975831 -26.490639618430347 -26.434265487756406 -27.09269960975831 -26.60662351238572 -27.694759601086268 -26.388334573535584 -15.765781305940603 nan nan nan nan nan nan nan nan nan nan nan nan nan nan nan nan nan 
-26.29681959241423 -26.740517091646947 -26.29681959241423 -26.138457100318984 -26.490639618430347 -26.388334573535584 -26.004563521057758 -26.434265487756406 -27.03632547908437 -27.822438007341635 -27.694759601086268 -11.28904816018827 nan nan nan nan nan nan nan nan nan nan nan nan nan nan nan 
-26.490639618430347 -26.004563521057758 -26.490639618430347 -26.60662351238572 -26.898879583742193 -26.138457100318984 -26.490639618430347 -26.388334573535584 -26.60662351238572 -27.34257708297491 -27.694759601086268 -27.20868350371368 -27.694759601086268 nan nan nan nan nan nan nan nan nan nan nan nan nan nan 
-26.434265487756406 -26.138457100318984 -21.331921688146718 -10.623509967765884 -5.7998911503869905 -22.447728214198083 -26.740517091646947 -22.169347726204588 -22.760617177371522 -27.34257708297491 -27.09269960975831 -27.09269960975831 -27.20868350371368 -28.19451454751947 -8.726515433683149 nan nan nan nan nan nan nan nan nan nan nan nan 
-27.34257708297491 -27.34257708297491 -26.214034222097784 -27.34257708297491 -27.09269960975831 -10.21219479889747 3.7296492990243943 4.676061412247708 4.738808365172812 4.680955424928481 4.197229971309714 3.1704030744812233 -27.09269960975831 -27.694759601086268 -28.10299956639812 -28.898879583742193 nan nan nan nan nan nan nan nan nan nan nan 
-27.09269960975831 -27.694759601086268 -26.490639618430347 -15.886505366885634 -4.967496407467923 4.1386307030914615 4.600298393359634 4.940212870635533 5.056292019165691 4.944745195600724 4.84477480984565 4.312325622495177 4.15736261600922 2.613613901317332 -27.63838547041233 -27.810743495041642 -28.54669706563083 nan nan nan nan nan nan nan nan nan nan 
-23.66226114378807 -17.61125353506694 -10.502872232548846 -1.7552178184709735 4.31884130715893 4.503836441782575 4.711081176244418 4.8816343743526875 4.944106981466019 5.019715577041025 4.854710525719215 4.641642501621315 4.561917232120787 4.291539444773434 3.667336597361895 -27.94463707430287 -28.240445461740293 -28.10299956639812 nan nan nan nan nan nan nan nan nan 
-12.33565977210114 -6.696268402668904 0.21255920738424916 4.231513811008836 4.551619486790711 4.660552125639362 4.826565938007701 4.616119639628787 4.9323432522849595 4.8849568739989895 4.776649127466052 4.75890187163049 4.568890770074515 4.425437876187464 4.181186993624939 3.603623854510961 -18.58226789042063 -28.240445461740293 -28.842505453068256 nan nan nan nan nan nan nan nan 
-4.010580880118757 1.3987049019623865 3.8267021613282384 4.424627860337044 4.5072039157856665 4.657458067465847 4.442272771561649 4.534464991897611 4.721950828817771 4.778272434621757 4.763264366244264 4.761220312690932 4.482058971536751 4.182517697285593 4.288529322180854 4.009600474295699 3.6518381913219367 2.427087124496899 -29.148757056958793 -28.70505955772608 nan nan nan nan nan nan nan 
2.129750451993363 3.988347996952077 4.329795316569473 4.455233958458413 4.338300215555695 4.560881726274455 4.551646642083924 4.482389796432518 4.287528180850109 4.389935150026244 4.410984818722734 4.461752639272643 4.4658234625913495 4.511678066241738 4.322404693010863 3.9815878735456507 3.7535699110550294 3.268909477024917 2.343853914973064 -28.02021419608167 -29.44456544439622 nan nan nan nan nan nan 
3.934181176399856 3.948615923526025 4.075911842410659 4.34826710542572 4.231666203839089 4.279599823674947 4.378769015249597 4.429150059973796 4.450254030121601 4.145832682778681 4.454452886888216 4.446816623791213 4.44262521875836 4.440834527617253 4.0466185194866116 3.957723467784003 3.794849585694323 3.457830646369407 3.315068946453923 2.539069558284557 -28.842505453068256 -29.014863477697567 nan nan nan nan nan 
3.9554495698455314 4.114926180320105 4.024681454355428 4.209479499290753 4.239393704842214 4.180658783810057 3.9349248417435847 4.351571684073013 4.380969829315061 4.3765475215433245 3.927641997669207 3.9095699814197444 3.8850655080897716 3.908011692379782 4.334127538741486 3.904107126979195 3.7178347846523865 3.7195146709437603 3.4609027232307654 3.0863604716782223 2.4456309127104445 -29.148757056958793 -30.10299956639812 nan nan nan nan 
3.8205196211991366 4.023064496233087 4.050434747743107 4.1579582488903775 4.186057510028096 3.8315606326838294 4.308424751864576 3.8867822530006784 4.387427903640207 3.9086654611757936 4.286597332110373 3.9073036412538693 3.8986354812039665 4.363789037735548 3.862756944214834 3.7804280009060154 3.81955869940609 3.465379248835938 3.529060167185342 3.263029041952556 2.800256841170396 2.24359562613987 -30.10299956639812 -30.04662543572418 nan nan nan 
3.4833148195566537 3.6103642662243276 3.7004597346921844 3.7660492107965955 3.8131964261664044 3.8467055342161958 3.862327190138255 3.8831674625847237 3.893235859136016 1.5147780489139449 3.8946427626749345 3.888285260412071 3.876972549891672 3.8600512263086175 3.836597079575864 3.805531157265707 3.6677083068910967 3.690976334343933 3.3627047924494713 3.3156223238392126 3.042463891697683 2.5864787148713875 2.0069907485755754 -29.500939575070156 -31.43479795530941 nan nan 
3.5915132193075765 3.6760005240502336 3.7504961384952393 3.7984305580474405 3.83252010058706 3.027556942197435 3.8715738556061643 3.88070685848907 2.87373407653946 3.8843121500734172 3.8798465040523173 3.6074374727214416 -4.7766629885547065 3.7656306227255403 3.812892939280454 3.779482033212528 3.7372050977999836 3.524095809537298 3.468076602157383 3.193646943385571 3.090053317700058 2.809751330312548 2.376777816151869 1.7326844199789415 -29.909179540382006 -6.286249005194581 nan 
3.6697410762225777 3.7377505330919636 3.786421457357335 3.821025622550219 2.943123249812614 3.860941204890091 3.8703863569304704 3.8753308651450236 3.875942754650311 -15.529537812742863 1.4138214925631267 3.85562366670113 3.8403220690650164 3.819418446864034 3.7918021140823064 0.12091654297355002 3.7117357689744743 -4.3280910005657685 3.3455359048216313 3.240523627696338 2.9109306432543507 2.8604364333446948 2.5403076816736325 2.1905572953639942 1.3132335920471914 -30.70505955772608 nan 
3.7255498691985616 3.77568283023597 -5.668088256425326 3.835681627743025 nan 3.860935178650209 -10.47299865756009 -6.946066798746002 nan 3.862370766408884 -13.780180231291357 3.8418818036174986 3.8250296745787224 3.8025085133780525 3.7731007293602765 3.7356445407383396 -8.239196044636476 3.6319779938055494 3.5611933403263825 3.129160022221992 2.999976719877503 2.595652512695639 2.605890025714761 2.137618511496556 1.8238464670559327 0.6569692068260141 -30.51123953170997 
nan nan nan nan nan nan nan nan nan nan nan nan nan nan nan -14.207223237057866 nan 3.609602382143512 nan -7.784751901046595 2.8763315647375443 2.7321461585291598 2.384632568415743 2.2420285835760563 1.87469205870504 1.4919582949673815 0.07198210594702789 
nan nan nan nan nan nan nan nan nan nan nan nan nan nan nan nan nan nan nan nan nan 3.0892543533626893 2.670805380445553 2.276429665828792 1.8236233421256483 1.7480032967240873 1.1780063726195813 
