nan nan nan nan nan nan nan nan nan nan nan nan nan nan nan nan nan nan nan nan nan nan nan nan nan nan nan 
nan nan nan nan nan nan nan nan nan nan nan nan nan nan nan nan nan nan nan nan nan nan nan nan nan nan nan 
nan nan nan nan nan nan nan nan nan nan nan nan nan nan nan nan nan nan nan nan nan nan nan nan nan nan nan 
nan nan nan nan nan nan nan nan nan nan nan nan nan nan nan nan nan nan nan nan nan nan nan nan nan nan nan 
nan nan nan nan nan nan nan nan nan nan nan nan nan nan nan nan nan nan nan nan nan nan nan nan nan nan nan 
nan nan nan nan nan nan nan nan nan nan nan nan nan nan nan nan nan nan nan nan nan nan nan nan nan nan nan 
nan nan nan nan nan nan nan nan nan nan nan nan nan nan nan nan nan nan nan nan nan nan nan nan nan nan nan 
nan nan nan nan nan nan nan nan nan nan nan nan nan nan nan nan nan nan nan nan nan nan nan nan nan nan nan 
nan nan nan nan nan nan nan nan nan nan nan nan nan nan nan nan nan nan nan nan nan nan nan nan nan nan nan 
nan nan nan nan nan nan nan nan nan nan nan nan nan nan nan nan nan nan nan nan nan nan nan nan nan nan nan 
nan nan nan nan nan nan nan nan nan nan nan nan nan nan nan nan nan nan nan nan nan nan nan nan nan nan nan 
nan nan nan nan nan nan nan nan nan nan nan nan nan nan nan nan nan nan nan nan nan nan nan nan nan nan nan 
nan nan nan nan nan nan nan nan nan nan nan nan nan nan nan nan nan nan nan nan nan nan nan nan nan nan nan 
nan nan nan nan nan nan nan nan nan nan nan nan nan nan nan nan nan nan nan nan nan nan nan nan nan nan nan 
nan nan nan nan nan nan nan nan nan nan nan nan nan nan nan nan nan nan nan nan nan nan nan nan nan nan nan 
nan nan nan nan nan nan nan nan nan nan nan nan nan nan nan nan nan nan nan nan nan nan nan nan nan nan nan 
nan nan nan nan nan nan nan nan nan nan nan nan nan nan nan nan nan nan nan nan nan nan nan nan nan nan nan 
nan nan nan nan nan nan nan nan nan nan nan nan nan nan nan nan nan nan nan nan nan nan nan nan nan nan nan 
nan nan nan nan nan nan nan nan nan nan nan nan nan nan nan nan nan nan nan nan nan nan nan nan nan nan nan 
nan nan nan nan nan nan nan nan nan nan nan nan nan nan nan nan nan nan nan nan nan nan nan nan nan nan nan 
-8.752224839135005 -4.429200853514281 -2.8893915549426654 -16.083385302745903 nan nan nan nan nan nan nan nan nan nan nan nan nan nan nan nan nan nan nan nan nan nan nan 
-18.37386528684422 -14.829940738583952 -10.348929812449233 -4.769816687860786 1.6880992651560147 2.557000479978943 2.7069658325614667 1.3705806573587915 nan nan nan nan nan nan nan nan nan nan nan nan nan nan nan nan nan nan nan 
-10.916349268836905 -7.325663412222548 -2.8262183388392907 1.9439600508233885 2.4487841760395597 2.9662646370210166 3.0667334093713237 2.6882168086103837 2.497216769328865 1.9377632916549425 -11.033365662767066 nan nan nan nan nan nan nan nan nan nan nan nan nan nan nan nan 
-5.222956710051225 -1.6343333968733076 2.121056211109635 2.3503294538625124 2.8354983338940927 2.754583391727107 2.9515787557620854 2.758674191310279 2.834650387905128 2.3030936558776 2.028178302652724 1.3284976911044493 nan nan nan nan nan nan nan nan nan nan nan nan nan nan nan 
-0.9476879802304624 1.9468650104767478 2.441903308276333 2.4915863011615142 2.4336904282292857 2.5787903688340474 2.7466539164119212 2.605317464372661 2.3325738329600783 2.658227407320926 1.9911999992199612 1.9897581448667518 1.4585709354013199 -0.9182051865896753 nan nan nan nan nan nan nan nan nan nan nan nan nan 
1.8537516202628497 2.416715752038636 2.4956760243238127 2.468750857372003 2.43934442338324 2.5669609651759 2.57265980372397 2.7556228273208174 2.730154429017223 2.3464431485941732 2.455924879815231 2.1117418345105117 1.4849805093989366 1.018375406255787 0.565959250135059 nan nan nan nan nan nan nan nan nan nan nan nan 
1.857239461784472 2.195504386411476 2.388218749997002 2.0456860492552367 2.5393077433108173 2.2319064008348475 2.280525823544303 2.3140042894128934 2.3377621369582773 2.373014063154325 2.3804278221320017 1.7822183452471578 1.9150605800183986 1.3586415919559756 1.02113674946303 0.27855381243067084 nan nan nan nan nan nan nan nan nan nan nan 
2.181093848581929 2.2992747279225028 2.040516648836681 2.145071044147893 2.2167587351798783 2.263659613603264 2.30142402833976 2.3235998482065208 2.3362454453572923 2.341114610587868 2.3394902154156503 2.3079801699848472 1.9617821204500376 1.6457045150926912 1.0856784238687216 0.7471269888534773 0.34588521517179266 nan nan nan nan nan nan nan nan nan nan 
1.86256030522635 2.0008599648281558 1.9656933928497509 2.2047052688395454 -5.5546678421392155 2.291423484821261 2.3145223960443695 -9.770150774499012 -9.441434264749214 2.3344469188438466 0.18592270678847791 2.3191825076114125 1.897909590982831 1.6851299834943454 1.3441032073321364 0.6341423826607013 0.1438371116126709 -4.822157104129786 nan nan nan nan nan nan nan nan nan 
-0.17002873438762728 1.149851801876077 -5.475343676639688 2.2474127336682392 1.9189054322870998 -4.219801441259847 2.3217781991784165 2.328972066984626 2.330396998945901 nan 1.3911328230274018 2.3073694780802825 2.2903366107151686 2.00643774182809 1.4069219586798454 0.89222038565271 0.5663375899519266 0.11262900415305019 nan nan nan nan nan nan nan nan nan 
2.098234269513625 2.1845114218159862 nan 2.2770688419391374 -2.8443499074162824 2.316729681984972 2.3246593528668735 2.327196134136968 nan 2.3195473875932313 1.2237894896049577 nan -13.307971873081623 1.285001875904841 1.0010250421001508 0.8841001469513458 0.4777097195275237 -0.022013223076614203 0.04937666360499897 nan nan nan nan nan nan nan nan 
-7.264235118553915 2.2316882696942617 nan nan -7.845094066682746 -6.43456963227862 nan 2.317776435238874 nan 2.312435862882372 nan nan nan nan 1.2994542081679559 0.9597379258991563 0.6487885118109877 0.12342081647092108 -0.34800535822360673 -16.86397217204393 nan nan nan nan nan nan nan 
nan 1.8673174028803297 nan 2.3085448892049714 2.318162671060124 -8.26201784740673 nan 0.03686771149819573 nan nan -13.063259571593854 1.01732680395943 2.2596556199301534 2.234320060603877 1.6248433059896226 1.040028154862013 0.5097219876025723 -0.045123000705027345 -0.21613787112485494 0.15895644745111084 nan nan nan nan nan nan nan 
nan nan nan nan nan nan nan nan nan nan nan nan nan nan nan 1.070457952526285 0.502758772433099 0.06607548394243058 -0.342017128909269 -0.6829762579383115 nan nan nan nan nan nan nan 
nan nan nan nan nan nan nan nan nan nan nan nan nan nan nan nan 0.5423305335886831 0.2973943469493462 -0.4957866944307294 -1.2655442936680303 -7.721588478597665 nan nan nan nan nan nan 
nan nan nan nan nan nan nan nan nan nan nan nan nan nan nan nan nan 0.9343203126525684 -0.404589258709467 -1.0111184155608564 -4.846257883250775 nan nan nan nan nan nan 
nan nan nan nan nan nan nan nan nan nan nan nan nan nan nan nan nan nan -0.6097490061833295 -1.059840294532953 -0.9102055508133267 nan nan nan nan nan nan 
