nan nan nan nan nan nan nan nan nan nan nan nan nan nan nan nan nan nan nan nan nan nan nan nan nan nan nan 
nan nan nan nan nan nan nan nan nan nan nan nan nan nan nan nan nan nan nan nan nan nan nan nan nan nan nan 
nan nan nan nan nan nan nan nan nan nan nan nan nan nan nan nan nan nan nan nan nan nan nan nan nan nan nan 
nan nan nan nan nan nan nan nan nan nan nan nan nan nan nan nan nan nan nan nan nan nan nan nan nan nan nan 
nan nan nan nan nan nan nan nan nan nan nan nan nan nan nan nan nan nan nan nan nan nan nan nan nan nan nan 
nan nan nan nan nan nan nan nan nan nan nan nan nan nan nan nan nan nan nan nan nan nan nan nan nan nan nan 
nan nan nan nan nan nan nan nan nan nan nan nan nan nan nan nan nan nan nan nan nan nan nan nan nan nan nan 
nan nan nan nan nan nan nan nan nan nan nan nan nan nan nan nan nan nan nan nan nan nan nan nan nan nan nan 
nan nan nan nan nan nan nan nan nan nan nan nan nan nan nan nan nan nan nan nan nan nan nan nan nan nan nan 
nan nan nan nan nan nan nan nan nan nan nan nan nan nan nan nan nan nan nan nan nan nan nan nan nan nan nan 
nan nan nan nan nan nan nan nan nan nan nan nan nan nan nan nan nan nan nan nan nan nan nan nan nan nan nan 
nan nan nan nan nan nan nan nan nan nan nan nan nan nan nan nan nan nan nan nan nan nan nan nan nan nan nan 
nan nan nan nan nan nan nan nan nan nan nan nan nan nan nan nan nan nan nan nan nan nan nan nan nan nan nan 
nan nan nan nan nan nan nan nan nan nan nan nan nan nan nan nan nan nan nan nan nan nan nan nan nan nan nan 
nan nan nan nan nan nan nan nan nan nan nan nan nan nan nan nan nan nan nan nan nan nan nan nan nan nan nan 
nan nan nan nan nan nan nan nan nan nan nan nan nan nan nan nan nan nan nan nan nan nan nan nan nan nan nan 
nan nan nan nan nan nan nan nan nan nan nan nan nan nan nan nan nan nan nan nan nan nan nan nan nan nan nan 
3.7990257697921708 3.864003534565704 3.9117475748744974 3.932962317476041 3.9087386653169647 3.787697009276356 3.25446717120332 nan nan nan nan nan nan nan nan nan nan nan nan nan nan nan nan nan nan nan nan 
4.316449356049195 4.401535129786496 4.478734498681615 4.545446633281121 4.597967226815955 4.630701624626928 4.634352338290751 4.590809686190657 4.453135415998779 3.968956532712741 nan nan nan nan nan nan nan nan nan nan nan nan nan nan nan nan nan 
4.676168560656823 4.76682295068125 4.8516083884399235 4.928844396357723 4.996342658730763 5.051200559233527 5.089433072812832 5.105224101167155 5.0891568126389854 5.023129305510353 4.860229278787108 4.345462466488495 nan nan nan nan nan nan nan nan nan nan nan nan nan nan nan 
4.976758610099051 5.070037019513717 5.158314040005011 5.240241926727457 5.314130578152312 5.37785733811541 5.428731979269467 5.463264135124871 5.476700727085264 5.461973938142394 5.406929216022137 5.285220936301863 5.009749096020467 -0.24965045337177827 nan nan nan nan nan nan nan nan nan nan nan nan nan 
5.244337759462349 5.339203219112886 5.429562225079383 5.514236442700508 5.591775666761343 5.660407752304736 5.717976174786462 5.761848304461546 5.788750919506404 5.794424952457994 5.772820039460548 5.7140090538884145 5.597786796325463 5.365895520357281 4.548706905933307 nan nan nan nan nan nan nan nan nan nan nan nan 
5.487954676591919 5.583990028855833 5.675865091061725 5.762508068524143 5.842612486668964 5.914604586635706 5.976610641463941 6.026419115243824 6.06142040844837 6.078479545527674 6.0736351131082715 6.041361390427944 5.972653140990708 5.849288228634972 5.620181602349625 4.951648514144831 nan nan nan nan nan nan nan nan nan nan nan 
5.709447378187057 5.8065309298935155 5.899748992290371 5.988110788540414 6.070413475277876 6.145217606949796 6.210827734796458 6.265278081579975 6.306316474636336 6.331364666831696 6.337402385199166 6.320657116300584 6.27582042875137 6.194013316918327 6.056692600975476 5.810153577146464 5.068783503881342 nan nan nan nan nan nan nan nan nan nan 
5.906064617421335 6.004262394292393 6.098895951639996 6.189049336960198 6.273610367949318 6.351249192387886 6.420403849333827 6.479275261887766 6.525830041949901 6.557799859923087 6.572647220714214 6.567432041161817 6.538440453720285 6.480251810485702 6.383315028866635 6.226489757671332 5.943199591113641 4.695961849133566 nan nan nan nan nan nan nan nan nan 
6.021074015986286 6.132546935949019 6.244104335601731 6.355334090956909 6.446533587286201 6.527485274654667 6.6006618547027065 6.664437105391112 6.716939572068304 6.756092705952206 6.7796214258504826 6.785003903638876 6.769287857439661 6.72860090211943 6.656941734392836 6.542982005774768 6.359532951747603 6.006657833790905 nan nan nan nan nan nan nan nan nan 
5.815749824859753 5.927236858832616 6.038834177954813 6.1505743947005005 6.262499937266224 6.374666116536282 6.487145219030031 6.600031986488649 6.71345084011984 6.8275636672241085 6.942436179419456 6.970180025081435 6.96792593501191 6.943441268502685 6.892343426901297 6.807314425723414 6.673387131488259 6.450288584287366 5.935690949645853 nan nan nan nan nan nan nan nan 
5.614380884030622 5.72586752400764 5.837464296141423 5.949203738656977 6.061128161686296 6.173292687814511 6.285769310620484 6.398652361942974 6.512065963007102 6.626174327833553 6.74119626268183 6.857425954440888 6.975262752518752 7.095208647557292 7.090645852448916 7.030901135664887 6.932163233589174 6.772090723172097 6.478252422242568 4.299442785193958 nan nan nan nan nan nan nan 
5.417742160560163 5.529221873005811 5.640811354010057 5.752543331681353 5.86446028385195 5.976617418676594 6.089086658394308 6.201962011190858 6.315366886793374 6.429464183960214 6.544470429110672 6.660676016795815 6.77847497148984 6.898410175733298 7.021244691453328 7.148068657361151 7.145688846950937 7.031298303285432 6.830031357933444 6.355639024863444 nan nan nan nan nan nan nan 
5.512855219724772 5.612194169050841 5.708246092571292 5.800142183329546 5.886812253787619 5.966952816209238 6.038996950488943 6.101093493696592 6.151259803118361 6.238312259714301 6.353170686386996 6.469330983707282 6.587092651650181 6.706977940598289 6.829731407174039 6.956426019637407 7.088659462838315 7.228756925531922 7.1019719959116845 6.813777994170691 nan nan nan nan nan nan nan 
5.721096926741342 5.821386843976086 5.918654788936321 6.012102485817461 6.100747721948027 6.183396596767594 6.258618453917542 6.324725839933096 6.3797595912664224 6.421472555709318 6.447290942842446 6.454205843590691 6.438644814155491 6.52165298313256 6.644306233492406 6.7708977502383565 6.902954299437219 7.04288547357609 7.194689160766481 7.132262127143116 6.475365622160345 nan nan nan nan nan nan 
5.898942890273711 6.000291790992444 6.098907286815839 6.1940634038541 6.284865108712629 6.370222395669812 6.448827357072869 6.519137559100427 6.579368233385473 6.627491943624757 6.661234927264374 6.678040435716882 6.674933869805671 6.648152192006026 6.592233760163883 6.592080080882134 6.723941688030978 6.8636426627131035 7.014981870595094 7.184936232660263 7.050948799188522 nan nan nan nan nan nan 
6.038389125349474 6.140983201412155 6.241181227977837 6.338340052166161 6.431662935339165 6.5201740616548935 6.602694975445258 6.677826381786371 6.743938906919415 6.799174522257646 6.841454371730348 6.868476016230716 6.877659826033893 6.865961888310851 6.829380555786977 6.761736860306064 6.6514758879425875 6.691511501544843 6.8425221997724135 7.011765578529975 7.213154039240102 nan nan nan nan nan nan 
6.1301916208247 6.234213272308515 6.3362284377909734 6.435691000017739 6.531919869042661 6.624073892387805 6.711126865545908 6.79184546373823 6.864773652600971 6.928226699380168 6.980294711316611 7.0188473994235565 7.0415156173027444 7.045596602398301 7.027775993173212 6.983433817387312 6.9049196371043475 6.776692153969567 6.677428662436235 6.846139422715707 7.046228650868704 nan nan nan nan nan nan 
6.167107816555262 6.272637260998216 6.376577312654129 6.478489166897845 6.577821627719232 6.673887718039311 6.765839613011684 6.852643643226255 6.933057948618165 7.0056157200827425 7.068615781872445 7.120117743716142 7.157928493501014 7.179546730895875 7.181995192171214 7.161393114456965 7.111918544253083 7.023123853631135 6.871492806660099 6.687918532592823 6.887067190462497 7.143442873085323 nan nan nan nan nan 
6.021140769362331 6.132266166787397 6.243395723454357 6.3545306480191295 6.465672498858238 6.576823284238714 6.687985590481814 6.799162745456951 6.9103590263107 7.02150074133888 7.099565335914791 7.164512778232259 7.218317455864968 7.258731422133052 7.28307167016657 7.287931400057358 7.268494973451999 7.216850365846481 7.1172284435387185 6.927991097812184 6.735146629040079 6.985873330080503 nan nan nan nan nan 
5.824468404487281 5.935616014731849 6.046774268211048 6.1579462692393445 6.269136028046979 6.38034872546618 6.491591055160869 6.602871666252615 6.714201736016072 6.8255957112242776 6.93707226838378 7.0486555583986235 7.160376821319938 7.272240862098405 7.32321071147693 7.353869687186168 7.3652654367250605 7.351291608821323 7.3006028856382414 7.186578546475454 6.9137525865604665 6.858128295224105 nan nan nan nan nan 
