nan nan nan nan nan nan nan nan nan nan nan nan nan nan nan nan nan nan nan nan nan nan nan nan nan nan nan 
nan nan nan nan nan nan nan nan nan nan nan nan nan nan nan nan nan nan nan nan nan nan nan nan nan nan nan 
nan nan nan nan nan nan nan nan nan nan nan nan nan nan nan nan nan nan nan nan nan nan nan nan nan nan nan 
nan nan nan nan nan nan nan nan nan nan nan nan nan nan nan nan nan nan nan nan nan nan nan nan nan nan nan 
nan nan nan nan nan nan nan nan nan nan nan nan nan nan nan nan nan nan nan nan nan nan nan nan nan nan nan 
nan nan nan nan nan nan nan nan nan nan nan nan nan nan nan nan nan nan nan nan nan nan nan nan nan nan nan 
nan nan nan nan nan nan nan nan nan nan nan nan nan nan nan nan nan nan nan nan nan nan nan nan nan nan nan 
nan nan nan nan nan nan nan nan nan nan nan nan nan nan nan nan nan nan nan nan nan nan nan nan nan nan nan 
nan nan nan nan nan nan nan nan nan nan nan nan nan nan nan nan nan nan nan nan nan nan nan nan nan nan nan 
nan nan nan nan nan nan nan nan nan nan nan nan nan nan nan nan nan nan nan nan nan nan nan nan nan nan nan 
nan nan nan nan nan nan nan nan nan nan nan nan nan nan nan nan nan nan nan nan nan nan nan nan nan nan nan 
nan nan nan nan nan nan nan nan nan nan nan nan nan nan nan nan nan nan nan nan nan nan nan nan nan nan nan 
nan nan nan nan nan nan nan nan nan nan nan nan nan nan nan nan nan nan nan nan nan nan nan nan nan nan nan 
nan nan nan nan nan nan nan nan nan nan nan nan nan nan nan nan nan nan nan nan nan nan nan nan nan nan nan 
nan nan nan nan nan nan nan nan nan nan nan nan nan nan nan nan nan nan nan nan nan nan nan nan nan nan nan 
nan nan nan nan nan nan nan nan nan nan nan nan nan nan nan nan nan nan nan nan nan nan nan nan nan nan nan 
nan nan nan nan nan nan nan nan nan nan nan nan nan nan nan nan nan nan nan nan nan nan nan nan nan nan nan 
3.298293699308333 3.2972697307002967 3.2175253849519816 2.8680425871535737 -1.392871195635772 nan nan nan nan nan nan nan nan nan nan nan nan nan nan nan nan nan nan nan nan nan nan 
4.092022232482689 4.170772060443475 4.239067633535551 4.292871529329929 4.325795225954032 4.326550586077865 4.271113326100558 4.086052309113841 2.6655427891471186 nan nan nan nan nan nan nan nan nan nan nan nan nan nan nan nan nan nan 
4.506459903224834 4.594779018770587 4.676421922243493 4.749369306123445 4.810898851069818 4.85721330023391 4.882700302748625 4.878223308331343 4.8263182170254275 4.682685803619711 4.224229098705001 nan nan nan nan nan nan nan nan nan nan nan nan nan nan nan nan 
4.8308679333032 4.922899737300333 5.009531577610187 5.089271779084247 5.160220390423637 5.219936295535201 5.265219802606146 5.291706739602716 5.292998412507284 5.258493011970101 5.166754033940326 4.956236173942819 4.088646184980115 nan nan nan nan nan nan nan nan nan nan nan nan nan nan 
5.112366863777852 5.206417084884392 5.2957138256614815 5.3789987163179305 5.454710808378215 5.520920258328588 5.575237037434922 5.614664428893138 5.635322124847888 5.631846611616336 5.595928337251321 5.512158464144843 5.342614800125644 4.91808100044857 nan nan nan nan nan nan nan nan nan nan nan nan nan 
5.36610919279121 5.461521838740968 5.55259383499889 5.63820033319091 5.716964710895981 5.787218576349501 5.846956610978689 5.893776302321118 5.924774768738414 5.936333459388724 5.923620289030474 5.879354274668449 5.790380128009312 5.625750530244307 5.266423379228636 nan nan nan nan nan nan nan nan nan nan nan nan 
5.5966983645823545 5.693234264106827 5.785752195094863 5.873220486488885 5.954384623936737 6.027739197752685 6.091502751457007 6.14359327042641 6.181592964929509 6.202670831581408 6.2033882120008474 6.179212472574237 6.123288717058713 6.023057357708348 5.8486479396608875 5.485911637979954 nan nan nan nan nan nan nan nan nan nan nan 
5.803129165490839 5.9007828478843605 5.994725176722949 6.084003676742496 6.167461949664746 6.24371677303161 6.311141346849897 6.367855977379454 6.411722220958482 6.440324501888502 6.450899230433839 6.440123599266558 6.403567927907481 6.334310747499263 6.219108804761644 6.024893308670604 5.613334047950772 nan nan nan nan nan nan nan nan nan nan 
5.841870682638418 5.9533852702404815 6.065017565519225 6.176801323014386 6.288777559815594 6.400975865939049 6.502613041923304 6.564393614404517 6.61421509705076 6.650092689908783 6.6696302531270195 6.670101392162021 6.648187897862277 6.599296382656085 6.515835188172529 6.382322666831083 6.156758594460881 5.619196789999507 nan nan nan nan nan nan nan nan nan 
5.63996136584944 5.751477790854824 5.863113079245558 5.974902352073442 6.0868912843809255 6.199139394925451 6.311724438321649 6.4247483116696715 6.538345033242253 6.652691312718 6.768016463316858 6.868318571260437 6.860298282813972 6.828566472572227 6.768089062796488 6.669702033162715 6.513146675520333 6.235695722696068 5.196766675659613 nan nan nan nan nan nan nan nan 
5.442626761873488 5.554143108689311 5.665778253847698 5.777567271534238 5.889555758316606 6.00180310323254 6.114386851475066 6.22740858031573 6.341001902101132 6.4553435208717165 6.570668777726796 6.687293957352406 6.805648836975453 6.926319541796568 6.982241860409887 6.91132884916368 6.7965682692081835 6.6077534384056555 6.226223051041274 nan nan nan nan nan nan nan nan 
5.2505713235694405 5.362087548858121 5.473722508516436 5.585511238506683 5.6974992723997495 5.809745894539615 5.922328474768481 6.035348294500416 6.148938463490179 6.263274827206753 6.378591257511146 6.495201557748787 6.6135316991592346 6.734168854504851 6.857938928250084 6.9860312964830955 7.030281363358103 6.895376295338523 6.652148149610881 5.9163929721142905 nan nan nan nan nan nan nan 
5.06444707415685 5.17596316738816 5.287597940049964 5.399386400618838 5.511374038977265 5.623620068824425 5.736201743906376 5.849220151926171 5.962808074750585 6.0771407951086545 6.1924512055773135 6.309051380326373 6.427364188583438 6.547971149570891 6.671687844196704 6.799688851225321 6.9337279305553725 7.076528543009011 6.960849494960058 6.590916277644379 nan nan nan nan nan nan nan 
4.884806861249411 4.9963228011830205 5.107957367827939 5.219745548425716 5.33173280098428 5.443978290078004 5.556559191677621 5.669576467086253 5.783162687674281 5.897492777794345 6.012799007535675 6.129392349073592 6.247693681737337 6.368280848061208 6.491962437925451 6.619899248024364 6.753816887519125 6.896408673015957 7.052181200802164 6.972180469818582 5.501457811579135 nan nan nan nan nan nan 
4.712047762632534 4.823563513119739 4.935197833181313 5.0469856915507885 5.1589725204998595 5.271217447726299 5.383797594399846 5.496813837024308 5.610398610305559 5.724726610020744 5.8400297117656175 5.956618188936976 6.074911654231796 6.1954855988000235 6.319144119132806 6.4470390879087685 6.5808774277446584 6.7233104058300945 6.878744013761029 7.0552896885665435 6.788234564789016 nan nan nan nan nan nan 
4.546365286060519 4.657880795156532 4.76951480644578 4.88130227031093 4.993288595467704 5.105532878745788 5.218112199430507 5.331127374267267 5.44471074732486 5.559036868074159 5.674337362978495 5.7909220638068435 5.909209777100221 6.029774485605259 6.153417385512661 6.2812845667948505 6.415070812928768 6.557399954197064 6.712608964105688 6.888607916294546 7.102362678289937 nan nan nan nan nan nan 
4.387729412344559 4.4992446109211315 4.610878228557837 4.722665195451613 4.834650896053371 4.946894398020092 5.05947274501919 5.172486708481385 5.286068570442819 5.400392786871005 5.515690829390621 5.632272254845813 5.750555360486838 5.871113160668393 5.994744966744731 6.122593083105496 6.256344320083709 6.398604475388175 6.553665187623432 6.7293025848038805 6.941974037282414 nan nan nan nan nan nan 
4.235888598332248 4.34740339735448 4.459036510768098 4.570822845016139 4.682807757245894 4.795050284415353 4.907627436213638 5.020639946245495 5.134220052137395 5.248542151001715 5.36383762271485 5.480415860599972 5.598694848981195 5.719246986687558 5.842870357062669 5.970704761835412 6.1044317034393725 6.24664494941552 6.4016059214506775 6.577001782463647 6.788948977178378 nan nan nan nan nan nan 
4.09040075061184 4.201915036628227 4.313547504152984 4.425333030583724 4.537316940576514 4.649558236150225 4.76213389112695 4.875144603953771 4.9887225784198215 5.1030421763066425 5.2183347300589125 5.334909547581564 5.453184435542043 5.573731415145014 5.697347776455604 5.825171657046309 5.958880980751726 6.101061363015747 6.255953740467902 6.43118278286294 6.663858547812298 6.8079163540663075 nan nan nan nan nan 
3.9506835365550943 4.062197165009284 4.173828805645363 4.285613299596989 4.397595931579251 4.509835661802879 4.622409423276386 4.7354178783006615 4.848993202713696 4.963309739777544 5.0785988079560775 5.195169688518592 5.313440109519854 5.433981882649527 5.557591802209141 5.68540690244687 5.8191025563360075 5.961217253621046 6.124981995570359 6.339394257577174 6.503142249571299 6.633469757123564 nan nan nan nan nan 
