nan nan nan nan nan nan nan nan nan nan nan nan nan nan nan nan nan nan nan nan nan nan nan nan nan nan nan 
nan nan nan nan nan nan nan nan nan nan nan nan nan nan nan nan nan nan nan nan nan nan nan nan nan nan nan 
nan nan nan nan nan nan nan nan nan nan nan nan nan nan nan nan nan nan nan nan nan nan nan nan nan nan nan 
nan nan nan nan nan nan nan nan nan nan nan nan nan nan nan nan nan nan nan nan nan nan nan nan nan nan nan 
nan nan nan nan nan nan nan nan nan nan nan nan nan nan nan nan nan nan nan nan nan nan nan nan nan nan nan 
nan nan nan nan nan nan nan nan nan nan nan nan nan nan nan nan nan nan nan nan nan nan nan nan nan nan nan 
nan nan nan nan nan nan nan nan nan nan nan nan nan nan nan nan nan nan nan nan nan nan nan nan nan nan nan 
nan nan nan nan nan nan nan nan nan nan nan nan nan nan nan nan nan nan nan nan nan nan nan nan nan nan nan 
nan nan nan nan nan nan nan nan nan nan nan nan nan nan nan nan nan nan nan nan nan nan nan nan nan nan nan 
nan nan nan nan nan nan nan nan nan nan nan nan nan nan nan nan nan nan nan nan nan nan nan nan nan nan nan 
nan nan nan nan nan nan nan nan nan nan nan nan nan nan nan nan nan nan nan nan nan nan nan nan nan nan nan 
nan nan nan nan nan nan nan nan nan nan nan nan nan nan nan nan nan nan nan nan nan nan nan nan nan nan nan 
nan nan nan nan nan nan nan nan nan nan nan nan nan nan nan nan nan nan nan nan nan nan nan nan nan nan nan 
nan nan nan nan nan nan nan nan nan nan nan nan nan nan nan nan nan nan nan nan nan nan nan nan nan nan nan 
nan nan nan nan nan nan nan nan nan nan nan nan nan nan nan nan nan nan nan nan nan nan nan nan nan nan nan 
nan nan nan nan nan nan nan nan nan nan nan nan nan nan nan nan nan nan nan nan nan nan nan nan nan nan nan 
nan nan nan nan nan nan nan nan nan nan nan nan nan nan nan nan nan nan nan nan nan nan nan nan nan nan nan 
3.76587449075003 3.8283530153485934 3.8722120116835352 3.8868411291081486 3.8496033919990813 3.692648388688723 2.680687865966873 nan nan nan nan nan nan nan nan nan nan nan nan nan nan nan nan nan nan nan nan 
4.297488448618853 4.382034403176565 4.458494406125753 4.524170975601888 4.575192609391761 4.605645476611908 4.60553086256133 4.554823461972064 4.398763645194324 3.769700207339037 nan nan nan nan nan nan nan nan nan nan nan nan nan nan nan nan nan 
4.661181356930057 4.751571618952909 4.836008280156672 4.912779528966113 4.979650078499482 5.0336427732671005 5.070644877000165 5.084597672337409 5.065552141352807 4.993954099737693 4.816989496667535 4.1960480781456235 nan nan nan nan nan nan nan nan nan nan nan nan nan nan nan 
4.963663559134086 5.056767402873383 5.144818135527743 5.226451804283274 5.299955963948495 5.36317597077877 5.413373270263123 5.446978957546933 5.459099577033844 5.44238325341435 5.383992441858513 5.2554161283397995 4.957184691329558 nan nan nan nan nan nan nan nan nan nan nan nan nan nan 
5.232410556466461 5.327140813777879 5.417326531983862 5.501778778559376 5.579033602079548 5.647300610033549 5.7043980969811034 5.747656601540714 5.773744615584658 5.778301329783761 5.755076314719819 5.693683249182238 5.572585020170228 5.327451400096039 4.291241629202099 nan nan nan nan nan nan nan nan nan nan nan nan 
5.4769206092498255 5.572840265182927 5.664568152666112 5.751024463110957 5.83089281291345 5.902587074736041 5.964217703376269 6.013551985206361 6.047949892089999 6.064228509966753 6.058342472390832 6.024600646213797 5.95362087663538 5.826113611876137 5.586421928200312 4.815651273351348 nan nan nan nan nan nan nan nan nan nan nan 
5.699255560931347 5.796232902629408 5.889316541032865 5.977508974882248 6.059599353360653 6.1341387329166945 6.19942030318467 6.253464275569847 6.294000103594371 6.318423111157557 6.323670582465294 6.305893751137479 6.259630569612673 6.175646093121923 6.034373345404173 5.777604943602435 4.918646070697937 nan nan nan nan nan nan nan nan nan nan 
5.896817828861792 5.994912895896073 6.0894168798596855 6.179407708889778 6.26376611103484 6.341154149994817 6.4100007207484735 6.468496291239493 6.514594972740854 6.546012102490285 6.5601860752642684 6.554136450959398 6.524073858740101 6.464420198443644 6.365246675382162 6.204270887183262 5.909309227710964 3.8753696686411843 nan nan nan nan nan nan nan nan nan 
6.063326784675532 6.162734168402451 6.258898794981085 6.350980346299407 6.437955027215419 6.518594240466642 6.591450038728524 6.654850947108712 6.7069093902016625 6.745535376620932 6.768437772768902 6.773070784769548 6.756440345948619 6.714592578274335 6.641349036963881 6.524933069758006 6.336670179514677 5.967398679119656 nan nan nan nan nan nan nan nan nan 
6.189871998534706 6.290853056308302 6.389008902399471 6.483596381457911 6.573703864932604 6.65822839084748 6.7358577703212426 6.805061621329262 6.864094380461486 6.911009329176725 6.943673449558286 6.959756026419687 6.956635196252118 6.931113158565518 6.8787040894156855 6.791869336492862 6.655039605989209 6.425609365771919 5.876636901978102 nan nan nan nan nan nan nan nan 
6.267093631360952 6.369870954301297 6.470305678521216 6.56777019720241 6.66148776825727 6.750508211322419 6.833685765453064 6.909662519948992 6.97686096129444 7.033487316649505 7.07754167966684 7.106819087873523 7.1188648226941105 7.110810618817144 7.078943129922058 7.0176547799926965 6.916739825844935 6.752908658397095 6.448885162994925 1.3297716613634085 nan nan nan nan nan nan nan 
6.288582727946439 6.393223135338648 6.496030634275476 6.59650520831225 6.694022383759659 6.787809384972817 6.8769207317936605 6.960215481002889 7.036338862767947 7.103710591543429 7.160519264303312 7.204714934298568 7.233977306688034 7.245610183960112 7.236260694660812 7.201238701891166 7.132840376615599 7.0156413049282325 6.808790685061469 6.308093502866756 nan nan nan nan nan nan nan 
6.179404428870717 6.290541232208552 6.401685524172579 6.512839486771371 6.624005937303506 6.735188512984484 6.8463919088896805 6.9530857052581725 7.037952004795201 7.116010657607664 7.185751782301102 7.245396888064375 7.292875963336912 7.325741109978875 7.340961063990371 7.334440137952102 7.299871622478207 7.225730597349216 7.085472029708576 6.786386318932056 nan nan nan nan nan nan nan 
5.978511264166085 6.089666064647755 6.200833607627621 6.312017611434941 6.423222880653344 6.534455624272136 6.645723867565927 6.757037985677951 6.868411395471863 6.979861453599684 7.091410623916727 7.203087997786018 7.291203200102341 7.344561233755421 7.384216522648787 7.406825204720381 7.407383529918819 7.3771613628207655 7.297478848085328 7.11308823380894 6.395845851689233 nan nan nan nan nan nan 
5.778169653196467 5.889335491838748 6.000517295841977 6.111719726298292 6.222948807518298 6.33421232734137 6.445520356076847 6.5568859199538805 6.668325876289524 6.7798620528131845 6.891522734255421 7.003344607702459 7.115375317778938 7.227676838763597 7.34032995165346 7.41261112674634 7.445644132118903 7.45731263078967 7.435674014634279 7.347584898422683 7.018225037101207 nan nan nan nan nan nan 
5.5801605963678576 5.69133318881068 5.8025237187421705 5.9137374242747605 6.024981076340664 6.136263429369691 6.2475958059022005 6.358992855896504 6.470473544531883 6.582062439944716 6.693791396456362 6.805701762291669 6.91784728789298 7.030297978531364 7.143145233989437 7.2565087667830195 7.3705460195035695 7.458508012695253 7.479939216613306 7.477982521406126 7.366340459604943 nan nan nan nan nan nan 
5.385862727484581 5.497039453801623 5.608235324779023 5.719455931779231 5.830708502844974 5.94200238424191 6.053349665328625 6.164765990518221 6.276271616196018 6.387892789588309 6.49966355284552 6.6116281121923794 6.72384396382789 6.836386043114787 6.949352274125353 7.092622819148987 7.4245343808363256 7.464648683699477 7.465293457920707 7.429439724510662 7.438946964746137 nan nan nan nan nan nan 
5.196380263605349 5.307559526455094 5.418758674707464 5.5299835165024565 5.641241560407367 5.752542515911125 5.8638989430180715 5.9753270965554 6.0868480255627375 6.198489008186728 6.310285430102251 6.4222832530255065 6.534542274652662 6.647139825941849 6.8824851476245055 7.167385068425606 7.4060561734681425 7.411924407563805 7.448878911578033 7.402319334962575 7.391466131976064 7.421890476560301 nan nan nan nan nan 
5.012596386136568 5.123777212040185 5.2349783798134695 5.346205831187263 5.457467247608491 5.5687725624175854 5.680134625685557 5.791570068467161 5.903100428385628 6.014753619090177 6.126565854552188 6.238584178920408 6.3648370850409 6.618993447758624 6.878687556608925 7.193930118955177 7.441250409118307 7.431396656967032 7.401998392789779 7.3528207179388625 7.358011419078786 7.3666288572247085 nan nan nan nan nan 
4.83517971111352 4.946361505919872 5.0575639255531355 5.1687929945574425 5.280056501549748 5.3913645186410175 5.502730075725355 5.614170037102028 5.7257062433062895 5.837367002006417 5.94918904076041 6.086756638308249 6.320961230915726 6.561982343481704 6.843145803105756 7.243154283935513 7.422646008864234 7.296491377523351 7.286992459345586 7.322793177840611 7.265978220916365 7.320396463633706 nan nan nan nan nan 
