-0.7500541888398771 -0.7500541888398771 -0.7500541888398771 -0.7500541888398771 -0.7500541888398771 -0.7500541888398771 -0.7500541888398771 -0.7500541888398771 -0.7500541888398771 -0.7500541888398771 -0.7500541888398771 -0.7500541888398771 -0.7500541888398771 -0.7500541888398771 -0.7500541888398768 -0.7500541888398771 -0.7500541888398771 -0.7500541888398768 -0.7500541888398771 -0.7500541888398768 -0.7500541888398768 -0.7500541888398768 -0.7500541888398768 -0.7500541888398771 -0.7500541888398768 -0.7500541888398768 -0.7500541888398768 
-0.7500541888398771 -0.7500541888398771 -0.7500541888398771 -0.7500541888398771 -0.7500541888398771 -0.7500541888398771 -0.7500541888398771 -0.7500541888398771 -0.7500541888398771 -0.7500541888398771 -0.7500541888398771 -0.7500541888398771 -0.7500541888398771 -0.7500541888398771 -0.7500541888398768 -0.7500541888398768 -0.7500541888398768 -0.7500541888398768 -0.7500541888398771 -0.7500541888398771 -0.7500541888398768 -0.7500541888398771 -0.7500541888398768 -0.7500541888398771 -0.7500541888398771 -0.7500541888398768 -0.7500541888398771 
-0.7500541888398768 -0.7500541888398768 -0.7500541888398768 -0.7500541888398768 -0.7500541888398768 -0.7500541888398768 -0.7500541888398768 -0.7500541888398771 -0.7500541888398771 -0.7500541888398771 -0.7500541888398771 -0.7500541888398771 -0.7500541888398771 -0.7500541888398771 -0.7500541888398771 -0.7500541888398768 -0.7500541888398768 -0.7500541888398771 -0.7500541888398768 -0.7500541888398768 -0.7500541888398771 -0.7500541888398768 -0.7500541888398771 -0.7500541888398768 -0.7500541888398771 -0.7500541888398768 -0.7500541888398771 
-0.7500541888398768 -0.7500541888398768 -0.7500541888398768 -0.7500541888398768 -0.7500541888398768 -0.7500541888398768 -0.7500541888398768 -0.7500541888398768 -0.7500541888398768 -0.7500541888398768 -0.7500541888398771 -0.7500541888398771 -0.7500541888398771 -0.7500541888398771 -0.7500541888398771 -0.7500541888398768 -0.7500541888398768 -0.7500541888398771 -0.7500541888398771 -0.7500541888398768 -0.7500541888398768 -0.7500541888398771 -0.7500541888398768 -0.7500541888398768 -0.7500541888398768 -0.7500541888398768 -0.7500541888398768 
-0.7500541888398768 -0.7500541888398768 -0.7500541888398768 -0.7500541888398768 -0.7500541888398768 -0.7500541888398768 -0.7500541888398768 -0.7500541888398768 -0.7500541888398768 -0.7500541888398768 -0.7500541888398768 -0.7500541888398771 -0.7500541888398771 -0.7500541888398771 -0.7500541888398771 -0.7500541888398771 -0.7500541888398771 -0.7500541888398768 -0.7500541888398771 -0.7500541888398771 -0.7500541888398768 -0.7500541888398771 -0.7500541888398771 -0.7500541888398771 -0.7500541888398768 -0.7500541888398771 -0.7500541888398768 
-0.7500541888398768 -0.7500541888398768 -0.7500541888398768 -0.7500541888398768 -0.7500541888398768 -0.7500541888398768 -0.7500541888398768 -0.7500541888398768 -0.7500541888398768 -0.7500541888398768 -0.7500541888398768 -0.7500541888398768 -0.7500541888398768 -0.7500541888398771 -0.7500541888398771 -0.7500541888398771 -0.7500541888398771 -0.7500541888398771 -0.7500541888398771 -0.7500541888398771 -0.7500541888398768 -0.7500541888398771 -0.7500541888398771 -0.7500541888398768 -0.7500541888398768 -0.7500541888398771 -0.7500541888398771 
-0.7500541888398768 -0.7500541888398768 -0.7500541888398768 -0.7500541888398768 -0.7500541888398768 -0.7500541888398768 -0.7500541888398768 -0.7500541888398768 -0.7500541888398768 -0.7500541888398768 -0.7500541888398768 -0.7500541888398768 -0.7500541888398768 -0.7500541888398768 -0.7500541888398768 -0.7500541888398771 -0.7500541888398771 -0.7500541888398771 -0.7500541888398771 -0.7500541888398771 -0.7500541888398771 -0.7500541888398771 -0.7500541888398771 -0.7500541888398771 -0.7500541888398771 -0.7500541888398771 -0.7500541888398771 
-0.7500541888398768 -0.7500541888398768 -0.7500541888398768 -0.7500541888398768 -0.7500541888398768 -0.7500541888398771 -0.7500541888398771 -0.7500541888398771 -0.7500541888398768 -0.7500541888398768 -0.7500541888398768 -0.7500541888398771 -0.7500541888398768 -0.7500541888398768 -0.7500541888398768 -0.7500541888398768 -0.7500541888398768 -0.7500541888398768 -0.7500541888398771 -0.7500541888398771 -0.7500541888398771 -0.7500541888398771 -0.7500541888398771 -0.7500541888398771 -0.7500541888398771 -0.7500541888398771 -0.7500541888398771 
-0.7500541888398771 -0.7500541888398771 -0.7500541888398768 -0.7500541888398768 -0.7500541888398771 -0.7500541888398771 -0.7500541888398771 -0.7500541888398771 -0.7500541888398768 -0.7500541888398771 -0.7500541888398771 -0.7500541888398771 -0.7500541888398771 -0.7500541888398771 -0.7500541888398768 -0.7500541888398768 -0.7500541888398768 -0.7500541888398768 -0.7500541888398768 -0.7500541888398768 -0.7500541888398768 -0.7500541888398768 -0.7500541888398771 -0.7500541888398771 -0.7500541888398771 -0.7500541888398771 -0.7500541888398771 
-0.7500541888398771 -0.7500541888398768 -0.7500541888398771 -0.7500541888398771 -0.7500541888398771 -0.7500541888398771 -0.7500541888398771 -0.7500541888398771 -0.7500541888398771 -0.7500541888398771 -0.7500541888398771 -0.7500541888398771 -0.7500541888398771 -0.7500541888398771 -0.7500541888398771 -0.7500541888398768 -0.7500541888398771 -0.7500541888398768 -0.7500541888398768 -0.7500541888398768 -0.7500541888398768 -0.7500541888398768 -0.7500541888398768 -0.7500541888398768 -0.7500541888398768 -0.7500541888398771 -0.7500541888398768 
-0.7500541888398771 -0.7500541888398768 -0.7500541888398768 -0.7500541888398768 -0.7500541888398768 -0.7500541888398768 -0.7500541888398768 -0.7500541888398768 -0.7500541888398768 -0.7500541888398768 -0.7500541888398768 -0.7500541888398768 -0.7500541888398768 -0.7500541888398768 -0.7500541888398771 -0.7500541888398771 -0.7500541888398771 -0.7500541888398771 -0.7500541888398768 -0.7500541888398771 -0.7500541888398771 -0.7500541888398771 -0.7500541888398768 -0.7500541888398768 -0.7500541888398771 -0.7500541888398771 -0.7500541888398771 
-0.7500541888398771 -0.7500541888398771 -0.7500541888398771 -0.7500541888398771 -0.7500541888398771 -0.7500541888398771 -0.7500541888398771 -0.7500541888398771 -0.7500541888398771 -0.7500541888398771 -0.7500541888398771 -0.7500541888398768 -0.7500541888398771 -0.7500541888398768 -0.7500541888398771 -0.7500541888398768 -0.7500541888398768 -0.7500541888398768 -0.7500541888398768 -0.7500541888398768 -0.7500541888398771 -0.7500541888398768 -0.7500541888398768 -0.7500541888398771 -0.7500541888398771 -0.7500541888398771 -0.7500541888398771 
-0.7500541888398771 -0.7500541888398768 -0.7500541888398768 -0.7500541888398768 -0.7500541888398768 -0.7500541888398768 -0.7500541888398768 -0.7500541888398768 -0.7500541888398768 -0.7500541888398768 -0.7500541888398768 -0.7500541888398768 -0.7500541888398768 -0.7500541888398768 -0.7500541888398771 -0.7500541888398771 -0.7500541888398771 -0.7500541888398768 -0.7500541888398768 -0.7500541888398771 -0.7500541888398771 -0.7500541888398768 -0.7500541888398771 -0.7500541888398768 -0.7500541888398768 -0.7500541888398768 -0.7500541888398768 
-0.7500541888398771 -0.7500541888398771 -0.7500541888398771 -0.7500541888398768 -0.7500541888398768 -0.7500541888398768 -0.7500541888398768 -0.7500541888398768 -0.7500541888398768 -0.7500541888398768 -0.7500541888398768 -0.7500541888398771 -0.7500541888398771 -0.7500541888398771 -0.7500541888398771 -0.7500541888398768 -0.7500541888398768 -0.7500541888398771 -0.7500541888398768 -0.7500541888398768 -0.7500541888398768 -0.7500541888398768 -0.7500541888398768 -0.7500541888398768 -0.7500541888398768 -0.7500541888398768 -0.7500541888398768 
-0.7500541888398784 -0.7500541888398784 -0.7500541888398784 -0.7500541888398782 -0.7500541888398777 -0.7500541888398771 -0.7500541888398771 -0.7500541888398768 -0.7500541888398768 -0.7500541888398768 -0.7500541888398768 -0.7500541888398768 -0.7500541888398771 -0.7500541888398771 -0.7500541888398771 -0.7500541888398771 -0.7500541888398771 -0.7500541888398768 -0.7500541888398768 -0.7500541888398768 -0.7500541888398768 -0.7500541888398771 -0.7500541888398768 -0.7500541888398768 -0.7500541888398771 -0.7500541888398771 -0.7500541888398771 
-0.7500541888398784 -0.7500541888398784 -0.7500541888398784 -0.7500541888398784 -0.7500541888398784 -0.7500541888398784 -0.7500541888398784 -0.7500541888398784 -0.7500541888398784 -0.7500541888398771 -0.7500541888398771 -0.7500541888398771 -0.7500541888398771 -0.7500541888398768 -0.7500541888398768 -0.7500541888398771 -0.7500541888398771 -0.7500541888398771 -0.7500541888398768 -0.7500541888398768 -0.7500541888398768 -0.7500541888398768 -0.7500541888398768 -0.7500541888398771 -0.7500541888398768 -0.7500541888398771 -0.7500541888398768 
-0.7500541888398784 -0.7500541888398784 -0.7500541888398784 -0.7500541888398784 -0.7500541888398784 -0.7500541888398784 -0.7500541888398784 -0.7500541888398784 -0.7500541888398784 -0.7500541888398784 -0.7500541888398784 -0.750054188839878 -0.7500541888398768 -0.7500541888398768 -0.7500541888398768 -0.7500541888398771 -0.7500541888398771 -0.7500541888398768 -0.7500541888398768 -0.7500541888398771 -0.7500541888398771 -0.7500541888398768 -0.7500541888398771 -0.7500541888398768 -0.7500541888398768 -0.7500541888398768 -0.7500541888398768 
-0.7501847743446581 -0.7501586991697244 -0.7501245637230454 -0.7500799128277529 -0.7500541899903856 -0.7500541888398784 -0.7500541888398784 -0.7500541888398784 -0.7500541888398784 -0.7500541888398784 -0.7500541888398784 -0.7500541888398784 -0.7500541888398784 -0.7500541888398773 -0.7500541888398768 -0.7500541888398768 -0.7500541888398768 -0.7500541888398768 -0.7500541888398768 -0.7500541888398768 -0.7500541888398768 -0.7500541888398771 -0.7500541888398768 -0.7500541888398768 -0.7500541888398768 -0.7500541888398768 -0.7500541888398768 
-0.7508680415777652 -0.7508368119047932 -0.7507951771535097 -0.7507396106465205 -0.750665546933797 -0.750567288499199 -0.7504381039297479 -0.7502706645088068 -0.7500613986904577 -0.7500541888398784 -0.7500541888398784 -0.7500541888398784 -0.7500541888398784 -0.7500541888398784 -0.7500541888398791 -0.7500541888398768 -0.7500541888398768 -0.7500541888398768 -0.7500541888398771 -0.7500541888398768 -0.7500541888398771 -0.7500541888398768 -0.7500541888398771 -0.7500541888398768 -0.7500541888398768 -0.7500541888398768 -0.7500541888398768 
-0.7521762454123648 -0.7521400355525678 -0.7520904195896285 -0.7520222722368669 -0.751928753067089 -0.7518010750223763 -0.7516285585564895 -0.7513992224484346 -0.751101156214711 -0.7507247541907482 -0.7502655250827636 -0.7500541888398784 -0.7500541888398784 -0.7500541888398784 -0.7500541888398784 -0.7500541888398784 -0.7500541888398768 -0.7500541888398768 -0.7500541888398768 -0.7500541888398768 -0.7500541888398768 -0.7500541888398768 -0.7500541888398768 -0.7500541888398771 -0.7500541888398768 -0.7500541888398768 -0.7500541888398771 
-0.7545665778315164 -0.7545267842660046 -0.7544697936130114 -0.7543880653184898 -0.7542712285081062 -0.7541055949378013 -0.7538741006076733 -0.7535571018972994 -0.753134463132574 -0.7525891220059666 -0.7519117225560514 -0.7511051097187738 -0.7501869441527482 -0.7500541888398784 -0.7500541888398784 -0.7500541888398784 -0.7500541888398784 -0.7500541888398768 -0.7500541888398768 -0.7500541888398768 -0.7500541888398768 -0.7500541888398768 -0.7500541888398771 -0.7500541888398771 -0.7500541888398771 -0.7500541888398768 -0.7500541888398768 
-0.7587968448715631 -0.7587572831204121 -0.7586958719511108 -0.7586014212786492 -0.7584580831549147 -0.7582444016458734 -0.757933004077463 -0.7574916512987511 -0.7568864171331765 -0.7560873906167767 -0.7550763242292582 -0.7538543023033069 -0.7524465296693725 -0.7509016778954942 -0.7500541888398784 -0.7500541888398784 -0.7500541888398784 -0.7500541888398784 -0.7500541888398768 -0.7500541888398768 -0.7500541888398768 -0.7500541888398768 -0.7500541888398768 -0.7500541888398768 -0.7500541888398771 -0.7500541888398771 -0.7500541888398771 
-0.7660973964418167 -0.7660664571565831 -0.7660083249152199 -0.7659063590536211 -0.765736300273638 -0.7654644903580026 -0.7650470335391693 -0.7644310992505997 -0.7635597155074048 -0.7623808546882359 -0.7608600478247904 -0.7589934744598184 -0.7568166949566207 -0.7544045517277901 -0.751860859289619 -0.7500541888398784 -0.7500541888398784 -0.7500541888398784 -0.7500541888398788 -0.7500541888398768 -0.7500541888398768 -0.7500541888398768 -0.7500541888398768 -0.7500541888398768 -0.7500541888398771 -0.7500541888398771 -0.7500541888398771 
-0.7784065960503035 -0.7784010250156913 -0.7783630886499556 -0.7782682576047711 -0.778079686438244 -0.7777449542930415 -0.7771941224121484 -0.7763410892184655 -0.775090598891788 -0.7733525267681235 -0.7710625877131771 -0.7682047290217626 -0.7648271618395496 -0.7610441311114369 -0.7570204334735495 -0.7529431012912285 -0.7500541888398784 -0.7500541888398784 -0.7500541888398784 -0.7500541888398768 -0.7500541888398768 -0.7500541888398768 -0.7500541888398768 -0.7500541888398768 -0.7500541888398768 -0.7500541888398768 -0.7500541888398771 
-0.7986403132180706 -0.7986914658677416 -0.7987078045653151 -0.7986541162701171 -0.7984756955550422 -0.7980924751616134 -0.7973948017324307 -0.7962440510301629 -0.7944821724981157 -0.7919534696664153 -0.7885381747352344 -0.78419082287033 -0.7789701409182774 -0.7730462753713171 -0.7666787111527764 -0.7601709461399546 -0.7538178632585354 -0.7500541888398784 -0.7500541888398784 -0.7500541888398784 -0.7500541888398768 -0.7500541888398768 -0.7500541888398768 -0.7500541888398768 -0.7500541888398768 -0.7500541888398771 -0.7500541888398771 
-0.8308789375971952 -0.831041138966927 -0.8311750604931626 -0.8312328057689972 -0.8311367665293505 -0.8307692660751187 -0.8299637257498172 -0.8285022636712729 -0.826126682051838 -0.8225695673791127 -0.8176071249206676 -0.8111246120543693 -0.8031730476370224 -0.7939914137816478 -0.7839790659728239 -0.7736249260916563 -0.7634192222893055 -0.753777709428788 -0.7500541888398784 -0.7500541888398784 -0.7500541888398768 -0.7500541888398768 -0.7500541888398768 -0.7500541888398768 -0.7500541888398771 -0.7500541888398771 -0.7500541888398771 
-0.8790836979362475 -0.8788389217616914 -0.8785217255716002 -0.8781102823836603 -0.8775759160698255 -0.8768807688612594 -0.875974549464925 -0.8747899061417928 -0.8732355704425734 -0.8711150191802666 -0.8643339090145872 -0.8550525526221227 -0.8433137074000182 -0.8294100443262202 -0.8139250849566624 -0.7976294939460764 -0.7813345424602278 -0.7657565121214205 -0.7514300698980515 -0.7500541888398784 -0.7500541888398784 -0.7500541888398768 -0.7500541888398768 -0.7500541888398768 -0.7500541888398768 -0.7500541888398771 -0.7500541888398771 
-0.9130508223441923 -0.9128847580845236 -0.9126696731964701 -0.9123908676661168 -0.9120290782040512 -0.9115589566183407 -0.9109469697941057 -0.910148454019298 -0.9091034017932347 -0.9077302940183433 -0.9059168162782465 -0.9035053820879443 -0.9002685271818456 -0.8873027485272842 -0.8641079410955985 -0.8390358786774512 -0.8134007127862137 -0.7884328978706183 -0.7651073548232149 -0.7500541888398784 -0.7500541888398784 -0.7500541888398766 -0.7500541888398768 -0.7500541888398768 -0.7500541888398768 -0.7500541888398771 -0.7500541888398771 
-0.9354309539606869 -0.9353200003811187 -0.9351763309227136 -0.9349901618952673 -0.9347486918593504 -0.9344351084956063 -0.9340272261257787 -0.9334955878359263 -0.9328007726954402 -0.9318894900763599 -0.9306887648916563 -0.9290970099437323 -0.926969812296494 -0.9240962985021902 -0.9201574491577637 -0.9081068726535817 -0.8689232977520311 -0.8296233016425554 -0.7919656886362633 -0.7572273540340563 -0.7500541888398784 -0.7500541888398766 -0.7500541888398768 -0.7500541888398768 -0.7500541888398768 -0.7500541888398771 -0.7500541888398771 
-0.949694407276692 -0.9497093487984951 -0.949708322023666 -0.9496760033091581 -0.9495882395388195 -0.9494089056069508 -0.9490875154145264 -0.9486724606345273 -0.9482110234618029 -0.9476074316711476 -0.9468134560014244 -0.9457629715311049 -0.94436261108956 -0.942477069649082 -0.9399037680777608 -0.9363263680067928 -0.9312222508216667 -0.9020995940267864 -0.8425570381795393 -0.785522609424992 -0.7500541888398784 -0.7500541888398784 -0.7500541888398763 -0.7500541888398768 -0.7500541888398768 -0.7500541888398771 -0.7500541888398771 
-0.9670164271520116 -0.9670947568522823 -0.9671625982881125 -0.96719905011189 -0.9671694533767908 -0.9670199195035504 -0.9666718113652059 -0.9660181345026643 -0.9649250357324223 -0.9632423061914551 -0.9608257704280058 -0.9575728326255184 -0.9556127617806803 -0.954364763321402 -0.952668199776375 -0.9503188263867253 -0.946984733184795 -0.9420844971618649 -0.9343190301213132 -0.8435960023486933 -0.7527616674957925 -0.7500541888398784 -0.7500541888398762 -0.7500541888398768 -0.7500541888398768 -0.7500541888398771 -0.7500541888398771 
-0.9949703771538622 -0.9951659804200298 -0.9953669486239654 -0.9955465256118513 -0.9956573286063622 -0.9956221882404769 -0.995324203720107 -0.9945988416717495 -0.9932331358521443 -0.9909787674433953 -0.9875849301382643 -0.9828510779191748 -0.9766888750077691 -0.9691721128127544 -0.9609567794575621 -0.9593573194808428 -0.9571461347967534 -0.953913466775336 -0.9489452381676087 -0.940677874616816 -0.8071560489521886 -0.7500541888398784 -0.750054188839876 -0.7500541888398763 -0.7500541888398768 -0.7500541888398768 -0.7500541888398771 
-1.038372258488173 -1.038768196044925 -1.039205212270047 -1.039653310671536 -1.0400535123722991 -1.040303164619189 -1.0402386129385888 -1.0396188092861616 -1.038117259531007 -1.035333679470669 -1.03083760489737 -1.0242491966184226 -1.01534506777601 -1.0041551968324416 -0.9910069555593907 -0.9764886194451333 -0.9637471356337562 -0.9615682323722123 -0.958250270537669 -0.9527823456496337 -0.9424833158524899 -0.7500541888398784 -0.750054188839876 -0.7500541888398763 -0.7500541888398766 -0.7500541888398768 -0.7500541888398768 
-1.102511210643731 -1.1032199425300613 -1.1040384346184602 -1.104942039043771 -1.105869569112973 -1.1067014497294079 -1.1072314677026631 -1.107135412900356 -1.1059457498244705 -1.1030494412989071 -1.0977323001838681 -1.0892892265541605 -1.0771959457732632 -1.061296366603775 -1.0419256901482377 -1.0198994417790839 -0.9963605273218493 -0.9725512555198486 -0.9643169224529748 -0.9606170904985271 -0.9537559618549637 -0.7500541888398784 -0.750054188839876 -0.7500541888398763 -0.7500541888398766 -0.7500541888398766 -0.7500541888398768 
-1.1917440318637704 -1.1928890248798967 -1.1942567515916882 -1.1958445923004852 -1.1976113697720658 -1.1994486729761455 -1.2011399539914427 -1.202307981675888 -1.2023581650669135 -1.2004379491994854 -1.1954491551291118 -1.1861602643683995 -1.1714477292864225 -1.150631300141656 -1.1237791432225301 -1.0918207690277257 -1.0563857001552932 -1.019439233048401 -0.9828856578791172 -0.9657746443485562 -0.9610776665329024 -0.7500541888753918 -0.750054188839876 -0.750054188839876 -0.7500541888398768 -0.7500541888398768 -0.7500541888398768 
-1.3534061960123773 -1.3523569923781293 -1.3510053102937536 -1.349265210219989 -1.347027159639889 -1.3441520878568882 -1.3404642826956437 -1.3357431239192152 -1.3300309380393456 -1.3306450158052603 -1.3283410174289156 -1.3209209796203114 -1.3062830852838432 -1.282614820256918 -1.2490264214418514 -1.2060269788912088 -1.1555362139237455 -1.1003982857924361 -1.0436774685167463 -0.9880760484495329 -0.9659441773159471 -0.9070219012339537 -0.7500541888398771 -0.7500541888398768 -0.750054188839876 -0.750054188839876 -0.7500541888398762 
-1.5548346569899032 -1.5537748253457744 -1.552409412980809 -1.5506515734296418 -1.5483906011883177 -1.5454859078382828 -1.5417598163936723 -1.5369891612805169 -1.5308958460931357 -1.5231367852532318 -1.5132940679597244 -1.5008667399500188 -1.485266249677307 -1.4640987014515028 -1.4288820855033293 -1.377769783214677 -1.3119923011614762 -1.234950947326277 -1.1510390903505543 -1.0643999235624257 -0.9781839251721155 -0.9485382416319474 -0.7500541888398957 -0.7500541888398758 -0.7500541888398758 -0.7500541888398768 -0.7500541888398773 
