-0.6874750504143821 -0.6874750504143821 -0.6874750504143821 -0.6874750504143821 -0.6874750504143821 -0.6874750504143821 -0.6874750504143821 -0.6874750504143821 -0.6874750504143821 -0.6874750504143821 -0.6874750504143821 -0.6874750504143821 -0.6874750504143821 -0.6874750504143821 -0.6874750504143821 -0.6874750504143821 -0.6874750504143821 -0.6874750504143821 -0.6874750504143821 -0.6874750504143821 -0.6874750504143821 -0.6874750504143821 -0.6874750504143821 -0.6874750504143821 -0.6874750504143821 -0.6874750504143821 -0.6874750504143821 
-0.6874750504143821 -0.6874750504143821 -0.6874750504143821 -0.6874750504143821 -0.6874750504143821 -0.6874750504143821 -0.6874750504143821 -0.6874750504143821 -0.6874750504143821 -0.6874750504143821 -0.6874750504143821 -0.6874750504143821 -0.6874750504143821 -0.6874750504143821 -0.6874750504143821 -0.6874750504143821 -0.6874750504143821 -0.6874750504143821 -0.6874750504143821 -0.6874750504143821 -0.6874750504143821 -0.6874750504143821 -0.6874750504143821 -0.6874750504143821 -0.6874750504143821 -0.6874750504143821 -0.6874750504143821 
-0.6874750504143821 -0.6874750504143821 -0.6874750504143821 -0.6874750504143821 -0.6874750504143821 -0.6874750504143821 -0.6874750504143821 -0.6874750504143821 -0.6874750504143821 -0.6874750504143821 -0.6874750504143821 -0.6874750504143821 -0.6874750504143821 -0.6874750504143821 -0.6874750504143821 -0.6874750504143821 -0.6874750504143821 -0.6874750504143821 -0.6874750504143821 -0.6874750504143821 -0.6874750504143821 -0.6874750504143821 -0.6874750504143821 -0.6874750504143821 -0.6874750504143821 -0.6874750504143821 -0.6874750504143821 
-0.6874750504143821 -0.6874750504143821 -0.6874750504143821 -0.6874750504143821 -0.6874750504143821 -0.6874750504143821 -0.6874750504143821 -0.6874750504143821 -0.6874750504143821 -0.6874750504143821 -0.6874750504143821 -0.6874750504143821 -0.6874750504143821 -0.6874750504143821 -0.6874750504143821 -0.6874750504143821 -0.6874750504143821 -0.6874750504143821 -0.6874750504143821 -0.6874750504143821 -0.6874750504143821 -0.6874750504143821 -0.6874750504143821 -0.6874750504143821 -0.6874750504143821 -0.6874750504143821 -0.6874750504143821 
-0.6874750504143821 -0.6874750504143821 -0.6874750504143821 -0.6874750504143821 -0.6874750504143821 -0.6874750504143821 -0.6874750504143821 -0.6874750504143821 -0.6874750504143821 -0.6874750504143821 -0.6874750504143821 -0.6874750504143821 -0.6874750504143821 -0.6874750504143821 -0.6874750504143821 -0.6874750504143821 -0.6874750504143821 -0.6874750504143821 -0.6874750504143821 -0.6874750504143821 -0.6874750504143821 -0.6874750504143821 -0.6874750504143821 -0.6874750504143821 -0.6874750504143821 -0.6874750504143821 -0.6874750504143821 
-0.6874750504143821 -0.6874750504143821 -0.6874750504143821 -0.6874750504143821 -0.6874750504143821 -0.6874750504143821 -0.6874750504143821 -0.6874750504143821 -0.6874750504143821 -0.6874750504143821 -0.6874750504143821 -0.6874750504143821 -0.6874750504143821 -0.6874750504143821 -0.6874750504143821 -0.6874750504143821 -0.6874750504143821 -0.6874750504143821 -0.6874750504143821 -0.6874750504143821 -0.6874750504143821 -0.6874750504143821 -0.6874750504143821 -0.6874750504143821 -0.6874750504143821 -0.6874750504143821 -0.6874750504143821 
-0.6874750504143821 -0.6874750504143821 -0.6874750504143821 -0.6874750504143821 -0.6874750504143821 -0.6874750504143821 -0.6874750504143821 -0.6874750504143821 -0.6874750504143821 -0.6874750504143821 -0.6874750504143821 -0.6874750504143821 -0.6874750504143821 -0.6874750504143821 -0.6874750504143821 -0.6874750504143821 -0.6874750504143821 -0.6874750504143821 -0.6874750504143821 -0.6874750504143821 -0.6874750504143821 -0.6874750504143821 -0.6874750504143821 -0.6874750504143821 -0.6874750504143821 -0.6874750504143821 -0.6874750504143821 
-0.6874750504143821 -0.6874750504143821 -0.6874750504143821 -0.6874750504143821 -0.6874750504143821 -0.6874750504143821 -0.6874750504143821 -0.6874750504143821 -0.6874750504143821 -0.6874750504143821 -0.6874750504143821 -0.6874750504143821 -0.6874750504143821 -0.6874750504143821 -0.6874750504143821 -0.6874750504143821 -0.6874750504143821 -0.6874750504143821 -0.6874750504143821 -0.6874750504143821 -0.6874750504143821 -0.6874750504143821 -0.6874750504143821 -0.6874750504143821 -0.6874750504143821 -0.6874750504143821 -0.6874750504143821 
-0.6874750504143821 -0.6874750504143821 -0.6874750504143821 -0.6874750504143821 -0.6874750504143821 -0.6874750504143821 -0.6874750504143821 -0.6874750504143821 -0.6874750504143821 -0.6874750504143821 -0.6874750504143821 -0.6874750504143821 -0.6874750504143821 -0.6874750504143821 -0.6874750504143821 -0.6874750504143821 -0.6874750504143821 -0.6874750504143821 -0.6874750504143821 -0.6874750504143821 -0.6874750504143821 -0.6874750504143821 -0.6874750504143821 -0.6874750504143821 -0.6874750504143821 -0.6874750504143821 -0.6874750504143821 
-0.6874750504143821 -0.6874750504143821 -0.6874750504143821 -0.6874750504143821 -0.6874750504143821 -0.6874750504143821 -0.6874750504143821 -0.6874750504143821 -0.6874750504143821 -0.6874750504143821 -0.6874750504143821 -0.6874750504143821 -0.6874750504143821 -0.6874750504143821 -0.6874750504143821 -0.6874750504143821 -0.6874750504143821 -0.6874750504143821 -0.6874750504143821 -0.6874750504143821 -0.6874750504143821 -0.6874750504143821 -0.6874750504143821 -0.6874750504143821 -0.6874750504143821 -0.6874750504143821 -0.6874750504143821 
-0.6874750504143821 -0.6874750504143821 -0.6874750504143821 -0.6874750504143821 -0.6874750504143821 -0.6874750504143821 -0.6874750504143821 -0.6874750504143821 -0.6874750504143821 -0.6874750504143821 -0.6874750504143821 -0.6874750504143821 -0.6874750504143821 -0.6874750504143821 -0.6874750504143821 -0.6874750504143821 -0.6874750504143821 -0.6874750504143821 -0.6874750504143821 -0.6874750504143821 -0.6874750504143821 -0.6874750504143821 -0.6874750504143821 -0.6874750504143821 -0.6874750504143821 -0.6874750504143821 -0.6874750504143821 
-0.6874750504143821 -0.6874750504143821 -0.6874750504143821 -0.6874750504143821 -0.6874750504143821 -0.6874750504143821 -0.6874750504143821 -0.6874750504143821 -0.6874750504143821 -0.6874750504143821 -0.6874750504143821 -0.6874750504143821 -0.6874750504143821 -0.6874750504143821 -0.6874750504143821 -0.6874750504143821 -0.6874750504143821 -0.6874750504143821 -0.6874750504143821 -0.6874750504143821 -0.6874750504143821 -0.6874750504143821 -0.6874750504143821 -0.6874750504143821 -0.6874750504143821 -0.6874750504143821 -0.6874750504143821 
-0.6874750504143821 -0.6874750504143821 -0.6874750504143821 -0.6874750504143821 -0.6874750504143821 -0.6874750504143821 -0.6874750504143821 -0.6874750504143821 -0.6874750504143821 -0.6874750504143821 -0.6874750504143821 -0.6874750504143821 -0.6874750504143821 -0.6874750504143821 -0.6874750504143821 -0.6874750504143821 -0.6874750504143821 -0.6874750504143821 -0.6874750504143821 -0.6874750504143821 -0.6874750504143821 -0.6874750504143821 -0.6874750504143821 -0.6874750504143821 -0.6874750504143821 -0.6874750504143821 -0.6874750504143821 
-0.6874750504143821 -0.6874750504143821 -0.6874750504143821 -0.6874750504143821 -0.6874750504143821 -0.6874750504143821 -0.6874750504143821 -0.6874750504143821 -0.6874750504143821 -0.6874750504143821 -0.6874750504143821 -0.6874750504143821 -0.6874750504143821 -0.6874750504143821 -0.6874750504143821 -0.6874750504143821 -0.6874750504143821 -0.6874750504143821 -0.6874750504143821 -0.6874750504143821 -0.6874750504143821 -0.6874750504143821 -0.6874750504143821 -0.6874750504143821 -0.6874750504143821 -0.6874750504143821 -0.6874750504143821 
-0.6874750504143834 -0.6874750504143834 -0.6874750504143841 -0.6874750504143833 -0.6874750504143824 -0.6874750504143823 -0.6874750504143822 -0.6874750504143821 -0.6874750504143821 -0.6874750504143821 -0.6874750504143821 -0.6874750504143821 -0.6874750504143821 -0.6874750504143821 -0.6874750504143821 -0.6874750504143821 -0.6874750504143821 -0.6874750504143821 -0.6874750504143821 -0.6874750504143821 -0.6874750504143821 -0.6874750504143821 -0.6874750504143821 -0.6874750504143821 -0.6874750504143821 -0.6874750504143821 -0.6874750504143821 
-0.6874750504143834 -0.6874750504143834 -0.6874750504143834 -0.6874750504143834 -0.6874750504143834 -0.6874750504143834 -0.6874750504143834 -0.6874750504143834 -0.6874750504143841 -0.6874750504143823 -0.6874750504143821 -0.6874750504143821 -0.6874750504143821 -0.6874750504143821 -0.6874750504143821 -0.6874750504143821 -0.6874750504143821 -0.6874750504143821 -0.6874750504143821 -0.6874750504143821 -0.6874750504143821 -0.6874750504143821 -0.6874750504143821 -0.6874750504143821 -0.6874750504143821 -0.6874750504143821 -0.6874750504143821 
-0.6874750504143834 -0.6874750504143834 -0.6874750504143834 -0.6874750504143834 -0.6874750504143834 -0.6874750504143834 -0.6874750504143834 -0.6874750504143834 -0.6874750504143834 -0.6874750504143834 -0.6874750504143836 -0.6874750504143826 -0.6874750504143822 -0.6874750504143821 -0.6874750504143821 -0.6874750504143821 -0.6874750504143821 -0.6874750504143821 -0.6874750504143821 -0.6874750504143821 -0.6874750504143821 -0.6874750504143821 -0.6874750504143821 -0.6874750504143821 -0.6874750504143821 -0.6874750504143821 -0.6874750504143821 
-0.6876056429690087 -0.6875795679911163 -0.687545432776029 -0.6875007821486039 -0.6874750515713739 -0.6874750504143834 -0.6874750504143834 -0.6874750504143834 -0.6874750504143834 -0.6874750504143834 -0.6874750504143836 -0.6874750504143836 -0.6874750504143836 -0.6874750504143823 -0.6874750504143821 -0.6874750504143821 -0.6874750504143821 -0.6874750504143821 -0.6874750504143821 -0.6874750504143821 -0.6874750504143821 -0.6874750504143821 -0.6874750504143821 -0.6874750504143821 -0.6874750504143821 -0.6874750504143821 -0.6874750504143821 
-0.6882889109338863 -0.6882576816385563 -0.6882160473338469 -0.68816048134173 -0.6880864182034659 -0.6879881603829225 -0.687858976433414 -0.6876915375906718 -0.687482269313459 -0.6874750504143834 -0.6874750504143836 -0.6874750504143836 -0.6874750504143836 -0.6874750504143834 -0.6874750504143834 -0.6874750504143817 -0.6874750504143821 -0.6874750504143817 -0.6874750504143821 -0.6874750504143821 -0.6874750504143821 -0.6874750504143821 -0.6874750504143821 -0.6874750504143821 -0.6874750504143821 -0.6874750504143821 -0.6874750504143821 
-0.6895971148218767 -0.6895609056611524 -0.6895112905277424 -0.6894431441359424 -0.6893496260455974 -0.6892219491661539 -0.6890494338945912 -0.6888200989283351 -0.6885220336834329 -0.688145632390022 -0.6876864036646367 -0.6874750504143836 -0.6874750504143836 -0.6874750504143834 -0.6874750504143841 -0.6874750504143841 -0.6874750504143817 -0.6874750504143817 -0.6874750504143817 -0.6874750504143821 -0.6874750504143821 -0.6874750504143821 -0.6874750504143821 -0.6874750504143821 -0.6874750504143821 -0.6874750504143821 -0.6874750504143821 
-0.6919874457397857 -0.6919476534501643 -0.6918906643138395 -0.6918089377806379 -0.6916921029557114 -0.691526471539933 -0.6912949794357687 -0.6909779828813221 -0.6905553460274384 -0.6900100063823568 -0.6893326078267883 -0.6885259952019639 -0.6876078291610758 -0.6874750504143834 -0.6874750504143841 -0.6874750504143841 -0.6874750504143834 -0.6874750504143817 -0.6874750504143817 -0.6874750504143817 -0.6874750504143821 -0.6874750504143821 -0.6874750504143821 -0.6874750504143821 -0.6874750504143821 -0.6874750504143821 -0.6874750504143821 
-0.6962177078817113 -0.6961781484714631 -0.6961167400856937 -0.696022292647517 -0.6958789581730569 -0.6956652806305269 -0.6953538871721249 -0.694912538395519 -0.6943073078142382 -0.6935082841399487 -0.6924972195767247 -0.6912751982942676 -0.6898674251132395 -0.6883225717447998 -0.6874750504143834 -0.6874750504143841 -0.6874750504143834 -0.6874750504143834 -0.6874750504143817 -0.6874750504143817 -0.6874750504143817 -0.6874750504143817 -0.6874750504143817 -0.6874750504143821 -0.6874750504143821 -0.6874750504143821 -0.6874750504143821 
-0.7035182468240249 -0.7034873119785756 -0.703429185007636 -0.7033272252577177 -0.7031571733576756 -0.702885370901004 -0.7024679217912195 -0.7018519949936544 -0.7009806179564655 -0.6998017624774083 -0.6982809591094489 -0.696414387130598 -0.6942376069172762 -0.6918254611614228 -0.6892817648438172 -0.6874750504143841 -0.6874750504143834 -0.6874750504143834 -0.6874750504143833 -0.6874750504143817 -0.6874750504143817 -0.6874750504143817 -0.6874750504143817 -0.6874750504143821 -0.6874750504143821 -0.6874750504143817 -0.6874750504143821 
-0.7158274134044401 -0.7158218515990762 -0.7157839261221083 -0.7156891076094082 -0.7155005504239574 -0.7151658332754668 -0.7146150167025402 -0.7137619981743599 -0.7125115207694456 -0.7107734587567671 -0.7084835261922169 -0.705625670007898 -0.7022481015142049 -0.6984650662836513 -0.694441361864605 -0.6903640216032352 -0.6874750504143841 -0.6874750504143834 -0.6874750504143836 -0.6874750504143817 -0.6874750504143815 -0.6874750504143817 -0.6874750504143817 -0.6874750504143817 -0.6874750504143821 -0.6874750504143821 -0.6874750504143821 
-0.7360610186996488 -0.7361121967233211 -0.7361285646625483 -0.7360749090938175 -0.7358965237092135 -0.7355133398057934 -0.7348157020588553 -0.7336649839306248 -0.7319031325699795 -0.7293744496452258 -0.7259591663168362 -0.7216118177490405 -0.7163911317792997 -0.710467256594917 -0.7040996791033205 -0.6975918990636383 -0.6912388009212668 -0.6874750504143834 -0.6874750504143841 -0.6874750504143841 -0.6874750504143815 -0.6874750504143815 -0.6874750504143817 -0.6874750504143817 -0.6874750504143817 -0.6874750504143817 -0.6874750504143821 
-0.7682973051556873 -0.7684602911838865 -0.7685947964843218 -0.768652976185601 -0.7685572585033899 -0.768189992966571 -0.7673846200649639 -0.7659232721728569 -0.7635477624524586 -0.7599906862022703 -0.7550282561892955 -0.7485457364743264 -0.7405941519508838 -0.7314124900365746 -0.7214001105886012 -0.7110459387751262 -0.7008402049406088 -0.6911986651880667 -0.6874750504143834 -0.6874750504143836 -0.6874750504143817 -0.6874750504143815 -0.6874750504143815 -0.6874750504143817 -0.6874750504143817 -0.6874750504143817 -0.6874750504143817 
-0.8176159708273232 -0.8179789114845192 -0.8183401335134979 -0.8186409487140727 -0.8187801092773244 -0.8185962752875497 -0.817850485130924 -0.8162154538597671 -0.8132828562935774 -0.8086017798476104 -0.8017563472394716 -0.7924743200159782 -0.7807352114003041 -0.7668313887254461 -0.7513463146118372 -0.7350506350305868 -0.7187556133148438 -0.7031775268696034 -0.6888510398410711 -0.6874750504143836 -0.6874750504143841 -0.6874750504143815 -0.6874750504143815 -0.6874750504143815 -0.6874750504143817 -0.6874750504143817 -0.6874750504143817 
-0.8892511472931302 -0.8899357569985176 -0.8906827183421901 -0.8914324457501055 -0.892070383137324 -0.8923995588609728 -0.8921087895836108 -0.8907442011973239 -0.8876996344228999 -0.8822491261905137 -0.8736443142954118 -0.8612807228901789 -0.8448966938783861 -0.8247271230869104 -0.8015299949384954 -0.7764574116226234 -0.750822000274505 -0.7258540378610019 -0.702528395629001 -0.6874750504143836 -0.6874750504143841 -0.6874750504143814 -0.6874750504143815 -0.6874750504143815 -0.6874750504143817 -0.6874750504143817 -0.6874750504143817 
-0.9870010327904801 -0.9881400414360162 -0.9894572764416436 -0.9909131291348584 -0.9924074776948572 -0.9937420414534684 -0.9945705025095475 -0.9943414555546114 -0.9922503145679056 -0.9872326231959261 -0.978045376768761 -0.9634759624333115 -0.9426673614262355 -0.9154584119933643 -0.8825730975820427 -0.8455368269446233 -0.8063455520639529 -0.7670448054137394 -0.7293868939025605 -0.6946483945249019 -0.6874750504143841 -0.6874750504143814 -0.6874750504143814 -0.6874750504143815 -0.6874750504143817 -0.6874750504143817 -0.6874750504143817 
-1.1357497579723346 -1.134696910562374 -1.1333405211864627 -1.1315943394523038 -1.12934843083529 -1.1264634059908338 -1.1260004524341525 -1.12806152321043 -1.128555918247331 -1.126149936945429 -1.1190558242685065 -1.105188897781091 -1.0825724900785665 -1.0499453488027901 -1.0073283860209425 -0.9562163382633773 -0.8992454581017315 -0.8395244618843365 -0.7799788219506698 -0.7229438300212232 -0.6874750504143834 -0.6874750504143841 -0.6874750504143808 -0.6874750504143815 -0.6874750504143815 -0.6874750504143817 -0.6874750504143817 
-1.3402348354075162 -1.3391727779473437 -1.3378044899626034 -1.3360429349573306 -1.3337771616048835 -1.3308662633450417 -1.327132151210645 -1.3223511257179226 -1.316244397851559 -1.3084679824027852 -1.2986027981135062 -1.286197191155714 -1.2676577124199302 -1.2354448416902153 -1.1875367101625272 -1.124157544042091 -1.047850544329823 -0.9625904463377916 -0.8725261700830719 -0.7810179803392645 -0.690182750550687 -0.6874750504143841 -0.6874750504143808 -0.6874750504143814 -0.6874750504143815 -0.6874750504143815 -0.6874750504143817 
-1.5427869060260877 -1.541719249625397 -1.54034372799862 -1.5385728264927387 -1.5362949751725354 -1.5333684667680303 -1.5296141752367662 -1.5248070567782015 -1.5186665779513342 -1.5108464868368807 -1.5009247516204485 -1.4883950425549348 -1.4726617761206446 -1.4530413143018985 -1.4281280108670011 -1.3617521963157462 -1.2712828840487256 -1.1607768153872844 -1.0351098921565036 -0.8972228262087824 -0.7445776837627286 -0.6874750504143841 -0.6874750504143805 -0.6874750504143814 -0.6874750504143815 -0.6874750504143815 -0.6874750504143817 
-1.7421603281123552 -1.7410892868429813 -1.7397093919765239 -1.737932839687939 -1.735647685883581 -1.7327117389156226 -1.728945245248143 -1.7241223474704441 -1.7179614560133332 -1.710114946013288 -1.7001589974846676 -1.687584946029723 -1.6717941504249092 -1.6520989517850038 -1.6277324789740337 -1.5978693719502268 -1.5616574387911237 -1.4584119139290999 -1.3010161104617555 -1.1160389939411008 -0.88802042467183 -0.6874750504143841 -0.6874750504143805 -0.6874750504143808 -0.6874750504143815 -0.6874750504143815 -0.6874750504143815 
-1.9373046542138739 -1.9362315734595663 -1.9348490435472785 -1.9330690863808755 -1.9307795323612102 -1.9278378978774215 -1.924064051119157 -1.9192316441248336 -1.9130584504204597 -1.9051960169580688 -1.8952194447228596 -1.8826186599015622 -1.8667931742953456 -1.8470528984646195 -1.8226277454508413 -1.7660151273888878 -1.5560092603401625 -1.3606567747720972 -1.2279314090198967 -1.1363560427089432 -1.0840512906457025 -0.6874750504143841 -0.6874750504143822 -0.6874750504143808 -0.6874750504143814 -0.6874750504143815 -0.6874750504143815 
-2.1273159909216415 -2.1262416838001257 -2.124857569388933 -2.1230755647874573 -2.1207833647742302 -2.117838310137313 -2.1140600415362187 -2.1092219159169234 -2.1030413236254692 -2.0951693132742393 -2.0851803364343953 -2.072563470808494 -2.0567171159144033 -2.036948467132614 -1.889647393486264 -1.6814824506345094 -1.5124415532342674 -1.307949021507901 -1.1995428750404322 -1.1016549926105133 -1.0643750161609313 -1.0516695824401654 -0.6874750504143861 -0.6874750504143808 -0.6874750504143814 -0.6874750504143814 -0.6874750504143815 
-2.311433276011845 -2.3103582323576832 -2.308973166321879 -2.3071899320555427 -2.304896142876674 -2.301949034096206 -2.298168109698456 -2.293326549359909 -2.287141513223254 -2.279263750484175 -2.26926732247846 -2.2566407969692195 -2.228089932586704 -2.057283872656093 -1.8886790942981633 -1.6425558457264184 -1.3964730958651566 -1.3003724428746954 -1.2085813004169197 -1.1307488818565108 -1.032137055825792 -1.0115434292531225 -0.6874750504143873 -0.6874750504143808 -0.6874750504143808 -0.6874750504143814 -0.6874750504143814 
-2.4890624016531575 -2.4879869159748678 -2.4866012788274756 -2.4848173065824652 -2.4825225636669184 -2.4795742220853803 -2.475791703788595 -2.4709480820508025 -2.464760378833883 -2.45687916359645 -2.4468782634020263 -2.4176997804747122 -2.26913590091772 -2.0950101349476515 -1.9192526971255326 -1.6498042636026646 -1.3272488147664496 -1.3752708905351403 -1.1743583183091606 -1.1088041751913305 -1.0109468598847617 -0.9849974574988517 -0.6874750504143853 -0.6874750504143808 -0.6874750504143808 -0.6874750504143808 -0.6874750504143808 
