-0.7500541888398771 -0.7500541888398771 -0.7500541888398771 -0.7500541888398771 -0.7500541888398771 -0.7500541888398771 -0.7500541888398771 -0.7500541888398768 -0.7500541888398771 -0.7500541888398771 -0.7500541888398771 -0.7500541888398771 -0.7500541888398771 -0.7500541888398768 -0.7500541888398768 -0.7500541888398768 -0.7500541888398771 -0.7500541888398768 -0.7500541888398771 -0.7500541888398768 -0.7500541888398768 -0.7500541888398768 -0.7500541888398768 -0.7500541888398768 -0.7500541888398768 -0.7500541888398768 -0.7500541888398768 
-0.7500541888398771 -0.7500541888398771 -0.7500541888398771 -0.7500541888398771 -0.7500541888398768 -0.7500541888398771 -0.7500541888398771 -0.7500541888398771 -0.7500541888398771 -0.7500541888398771 -0.7500541888398771 -0.7500541888398771 -0.7500541888398771 -0.7500541888398771 -0.7500541888398771 -0.7500541888398768 -0.7500541888398768 -0.7500541888398768 -0.7500541888398771 -0.7500541888398768 -0.7500541888398768 -0.7500541888398768 -0.7500541888398768 -0.7500541888398768 -0.7500541888398768 -0.7500541888398768 -0.7500541888398768 
-0.7500541888398768 -0.7500541888398768 -0.7500541888398768 -0.7500541888398768 -0.7500541888398768 -0.7500541888398768 -0.7500541888398771 -0.7500541888398771 -0.7500541888398771 -0.7500541888398771 -0.7500541888398771 -0.7500541888398771 -0.7500541888398771 -0.7500541888398768 -0.7500541888398768 -0.7500541888398768 -0.7500541888398768 -0.7500541888398771 -0.7500541888398768 -0.7500541888398768 -0.7500541888398768 -0.7500541888398768 -0.7500541888398768 -0.7500541888398768 -0.7500541888398768 -0.7500541888398771 -0.7500541888398771 
-0.7500541888398768 -0.7500541888398768 -0.7500541888398768 -0.7500541888398768 -0.7500541888398768 -0.7500541888398768 -0.7500541888398768 -0.7500541888398768 -0.7500541888398768 -0.7500541888398768 -0.7500541888398771 -0.7500541888398771 -0.7500541888398771 -0.7500541888398771 -0.7500541888398771 -0.7500541888398771 -0.7500541888398771 -0.7500541888398771 -0.7500541888398771 -0.7500541888398768 -0.7500541888398768 -0.7500541888398771 -0.7500541888398768 -0.7500541888398768 -0.7500541888398768 -0.7500541888398768 -0.7500541888398768 
-0.7500541888398768 -0.7500541888398768 -0.7500541888398768 -0.7500541888398768 -0.7500541888398768 -0.7500541888398768 -0.7500541888398768 -0.7500541888398768 -0.7500541888398768 -0.7500541888398768 -0.7500541888398771 -0.7500541888398771 -0.7500541888398771 -0.7500541888398771 -0.7500541888398771 -0.7500541888398771 -0.7500541888398771 -0.7500541888398768 -0.7500541888398771 -0.7500541888398771 -0.7500541888398768 -0.7500541888398768 -0.7500541888398771 -0.7500541888398771 -0.7500541888398768 -0.7500541888398768 -0.7500541888398768 
-0.7500541888398768 -0.7500541888398768 -0.7500541888398768 -0.7500541888398768 -0.7500541888398768 -0.7500541888398768 -0.7500541888398768 -0.7500541888398768 -0.7500541888398768 -0.7500541888398768 -0.7500541888398768 -0.7500541888398768 -0.7500541888398771 -0.7500541888398771 -0.7500541888398771 -0.7500541888398771 -0.7500541888398771 -0.7500541888398771 -0.7500541888398768 -0.7500541888398771 -0.7500541888398771 -0.7500541888398771 -0.7500541888398768 -0.7500541888398768 -0.7500541888398771 -0.7500541888398771 -0.7500541888398771 
-0.7500541888398768 -0.7500541888398768 -0.7500541888398768 -0.7500541888398768 -0.7500541888398768 -0.7500541888398768 -0.7500541888398768 -0.7500541888398768 -0.7500541888398768 -0.7500541888398768 -0.7500541888398768 -0.7500541888398768 -0.7500541888398768 -0.7500541888398768 -0.7500541888398771 -0.7500541888398771 -0.7500541888398771 -0.7500541888398771 -0.7500541888398771 -0.7500541888398771 -0.7500541888398771 -0.7500541888398771 -0.7500541888398771 -0.7500541888398771 -0.7500541888398771 -0.7500541888398771 -0.7500541888398771 
-0.7500541888398771 -0.7500541888398771 -0.7500541888398768 -0.7500541888398771 -0.7500541888398771 -0.7500541888398771 -0.7500541888398768 -0.7500541888398768 -0.7500541888398768 -0.7500541888398771 -0.7500541888398771 -0.7500541888398771 -0.7500541888398768 -0.7500541888398768 -0.7500541888398768 -0.7500541888398768 -0.7500541888398768 -0.7500541888398771 -0.7500541888398768 -0.7500541888398771 -0.7500541888398771 -0.7500541888398771 -0.7500541888398771 -0.7500541888398771 -0.7500541888398771 -0.7500541888398771 -0.7500541888398771 
-0.7500541888398771 -0.7500541888398771 -0.7500541888398771 -0.7500541888398768 -0.7500541888398771 -0.7500541888398771 -0.7500541888398768 -0.7500541888398771 -0.7500541888398768 -0.7500541888398771 -0.7500541888398771 -0.7500541888398768 -0.7500541888398768 -0.7500541888398771 -0.7500541888398768 -0.7500541888398768 -0.7500541888398768 -0.7500541888398768 -0.7500541888398768 -0.7500541888398768 -0.7500541888398771 -0.7500541888398771 -0.7500541888398771 -0.7500541888398771 -0.7500541888398771 -0.7500541888398771 -0.7500541888398771 
-0.7500541888398771 -0.7500541888398771 -0.7500541888398771 -0.7500541888398771 -0.7500541888398771 -0.7500541888398771 -0.7500541888398771 -0.7500541888398771 -0.7500541888398771 -0.7500541888398771 -0.7500541888398771 -0.7500541888398771 -0.7500541888398771 -0.7500541888398768 -0.7500541888398768 -0.7500541888398768 -0.7500541888398768 -0.7500541888398771 -0.7500541888398768 -0.7500541888398768 -0.7500541888398768 -0.7500541888398768 -0.7500541888398768 -0.7500541888398771 -0.7500541888398768 -0.7500541888398771 -0.7500541888398771 
-0.7500541888398768 -0.7500541888398768 -0.7500541888398768 -0.7500541888398768 -0.7500541888398768 -0.7500541888398768 -0.7500541888398768 -0.7500541888398768 -0.7500541888398768 -0.7500541888398768 -0.7500541888398768 -0.7500541888398768 -0.7500541888398768 -0.7500541888398771 -0.7500541888398771 -0.7500541888398771 -0.7500541888398771 -0.7500541888398771 -0.7500541888398771 -0.7500541888398771 -0.7500541888398771 -0.7500541888398768 -0.7500541888398771 -0.7500541888398771 -0.7500541888398771 -0.7500541888398768 -0.7500541888398771 
-0.7500541888398771 -0.7500541888398771 -0.7500541888398771 -0.7500541888398768 -0.7500541888398768 -0.7500541888398771 -0.7500541888398771 -0.7500541888398771 -0.7500541888398771 -0.7500541888398771 -0.7500541888398771 -0.7500541888398768 -0.7500541888398768 -0.7500541888398771 -0.7500541888398768 -0.7500541888398768 -0.7500541888398768 -0.7500541888398768 -0.7500541888398768 -0.7500541888398771 -0.7500541888398768 -0.7500541888398771 -0.7500541888398771 -0.7500541888398768 -0.7500541888398771 -0.7500541888398771 -0.7500541888398771 
-0.7500541888398768 -0.7500541888398771 -0.7500541888398768 -0.7500541888398771 -0.7500541888398768 -0.7500541888398768 -0.7500541888398768 -0.7500541888398768 -0.7500541888398768 -0.7500541888398768 -0.7500541888398768 -0.7500541888398768 -0.7500541888398768 -0.7500541888398771 -0.7500541888398771 -0.7500541888398771 -0.7500541888398768 -0.7500541888398771 -0.7500541888398771 -0.7500541888398771 -0.7500541888398771 -0.7500541888398768 -0.7500541888398768 -0.7500541888398768 -0.7500541888398768 -0.7500541888398771 -0.7500541888398771 
-0.7500541888398771 -0.7500541888398771 -0.7500541888398768 -0.7500541888398771 -0.7500541888398768 -0.7500541888398768 -0.7500541888398768 -0.7500541888398768 -0.7500541888398768 -0.7500541888398771 -0.7500541888398771 -0.7500541888398771 -0.7500541888398771 -0.7500541888398771 -0.7500541888398768 -0.7500541888398768 -0.7500541888398771 -0.7500541888398768 -0.7500541888398768 -0.7500541888398768 -0.7500541888398768 -0.7500541888398771 -0.7500541888398768 -0.7500541888398771 -0.7500541888398771 -0.7500541888398771 -0.7500541888398771 
-0.7500541888398784 -0.7500541888398784 -0.7500541888398784 -0.7500541888398782 -0.7500541888398777 -0.7500541888398771 -0.7500541888398771 -0.7500541888398768 -0.7500541888398768 -0.7500541888398768 -0.7500541888398768 -0.7500541888398771 -0.7500541888398771 -0.7500541888398771 -0.7500541888398771 -0.7500541888398768 -0.7500541888398768 -0.7500541888398768 -0.7500541888398768 -0.7500541888398768 -0.7500541888398768 -0.7500541888398771 -0.7500541888398771 -0.7500541888398771 -0.7500541888398771 -0.7500541888398771 -0.7500541888398771 
-0.7500541888398784 -0.7500541888398784 -0.7500541888398784 -0.7500541888398784 -0.7500541888398784 -0.7500541888398784 -0.7500541888398784 -0.7500541888398784 -0.7500541888398791 -0.7500541888398773 -0.7500541888398768 -0.7500541888398771 -0.7500541888398768 -0.7500541888398768 -0.7500541888398771 -0.7500541888398771 -0.7500541888398768 -0.7500541888398771 -0.7500541888398768 -0.7500541888398768 -0.7500541888398768 -0.7500541888398771 -0.7500541888398771 -0.7500541888398771 -0.7500541888398771 -0.7500541888398771 -0.7500541888398771 
-0.7500541888398784 -0.7500541888398784 -0.7500541888398784 -0.7500541888398784 -0.7500541888398784 -0.7500541888398784 -0.7500541888398784 -0.7500541888398784 -0.7500541888398784 -0.7500541888398784 -0.7500541888398784 -0.750054188839878 -0.7500541888398771 -0.7500541888398768 -0.7500541888398771 -0.7500541888398771 -0.7500541888398768 -0.7500541888398768 -0.7500541888398771 -0.7500541888398768 -0.7500541888398768 -0.7500541888398771 -0.7500541888398768 -0.7500541888398768 -0.7500541888398768 -0.7500541888398771 -0.7500541888398771 
-0.7501847728208118 -0.7501586975956287 -0.7501245620895933 -0.7500799111238364 -0.7500541899885961 -0.7500541888398784 -0.7500541888398784 -0.7500541888398784 -0.7500541888398784 -0.7500541888398784 -0.7500541888398784 -0.7500541888398784 -0.7500541888398784 -0.7500541888398773 -0.7500541888398768 -0.7500541888398768 -0.7500541888398768 -0.7500541888398768 -0.7500541888398771 -0.7500541888398771 -0.7500541888398771 -0.7500541888398768 -0.7500541888398768 -0.7500541888398768 -0.7500541888398768 -0.7500541888398771 -0.7500541888398771 
-0.7508680399209202 -0.7508368101505689 -0.7507951752835963 -0.7507396086424554 -0.7506655447789902 -0.750567286181872 -0.7504381014466728 -0.7502706618693663 -0.7500613964112155 -0.7500541888398784 -0.7500541888398784 -0.7500541888398784 -0.7500541888398784 -0.7500541888398784 -0.7500541888398791 -0.7500541888398768 -0.7500541888398768 -0.7500541888398768 -0.7500541888398771 -0.7500541888398768 -0.7500541888398771 -0.7500541888398768 -0.7500541888398771 -0.7500541888398768 -0.7500541888398768 -0.7500541888398768 -0.7500541888398771 
-0.7521762437957817 -0.752140033751752 -0.7520904175694109 -0.7520222699613357 -0.7519287505031622 -0.7518010721449897 -0.7516285553552016 -0.7513992189345798 -0.751101152427466 -0.7507247501998976 -0.750265520986108 -0.7500541888398784 -0.7500541888398784 -0.7500541888398784 -0.7500541888398784 -0.7500541888398784 -0.7500541888398768 -0.7500541888398768 -0.7500541888398768 -0.7500541888398768 -0.7500541888398768 -0.7500541888398771 -0.7500541888398771 -0.7500541888398768 -0.7500541888398768 -0.7500541888398771 -0.7500541888398771 
-0.7545665766713605 -0.7545267827552282 -0.7544697916847733 -0.7543880629044588 -0.7542712255450607 -0.7541055913771268 -0.753874096427278 -0.7535570971142735 -0.7531344578135583 -0.7525891162713163 -0.7519117165743866 -0.7511051036908905 -0.7501869382864049 -0.7500541888398784 -0.7500541888398784 -0.7500541888398784 -0.7500541888398784 -0.7500541888398768 -0.7500541888398768 -0.7500541888398768 -0.7500541888398768 -0.7500541888398768 -0.7500541888398768 -0.7500541888398768 -0.7500541888398768 -0.7500541888398771 -0.7500541888398771 
-0.7587968452024967 -0.7587572827546267 -0.758695870758578 -0.7586014191279421 -0.7584580799264395 -0.7582443972504113 -0.7579329984785949 -0.7574916445355396 -0.7568864093370632 -0.7560873820156291 -0.7550763151332489 -0.753854293072406 -0.7524465206688499 -0.7509016694506605 -0.7500541888398784 -0.7500541888398784 -0.7500541888398784 -0.7500541888398784 -0.7500541888398768 -0.7500541888398768 -0.7500541888398768 -0.7500541888398768 -0.7500541888398768 -0.7500541888398768 -0.7500541888398771 -0.7500541888398771 -0.7500541888398771 
-0.7660974012709226 -0.7660664604424026 -0.7660083263857466 -0.7659063584429326 -0.7657362973527483 -0.7654644849751716 -0.7650470256651365 -0.7644310890191789 -0.7635597032382706 -0.7623808408793527 -0.7608600331084722 -0.7589934595283837 -0.7568166804752088 -0.7544045382568935 -0.7518608472352624 -0.7500541888398784 -0.7500541888398784 -0.7500541888398784 -0.7500541888398788 -0.7500541888398768 -0.7500541888398768 -0.7500541888398768 -0.7500541888398768 -0.7500541888398771 -0.7500541888398768 -0.7500541888398771 -0.7500541888398771 
-0.7784066175951916 -0.7784010421108344 -0.7783631006250173 -0.778268263866479 -0.7780796865635202 -0.7777449481339738 -0.7771941101906998 -0.7763410715814534 -0.775090576897306 -0.7733525017902714 -0.7710625612785627 -0.7682047026171548 -0.7648271367405199 -0.7610441082712553 -0.7570204134865305 -0.7529430844200204 -0.7500541888398784 -0.7500541888398784 -0.7500541888398784 -0.7500541888398768 -0.7500541888398768 -0.7500541888398768 -0.7500541888398768 -0.7500541888398768 -0.7500541888398771 -0.7500541888398771 -0.7500541888398771 
-0.7986404667512192 -0.798691588981912 -0.7987078954620864 -0.7986541745723934 -0.7984757226322394 -0.7980924742161146 -0.7973947775687555 -0.7962440095192456 -0.7944821198530926 -0.7919534117119769 -0.7885381163428925 -0.7841907676585248 -0.7789700912187636 -0.7730462323911006 -0.766678675234814 -0.7601709170391734 -0.7538178403812453 -0.7500541888398784 -0.7500541888398784 -0.7500541888398784 -0.7500541888398768 -0.7500541888398768 -0.7500541888398768 -0.7500541888398768 -0.7500541888398771 -0.7500541888398771 -0.7500541888398771 
-0.8330114216785985 -0.832772476687738 -0.8324627668804582 -0.8320609171404065 -0.8315388138663512 -0.8308592916146645 -0.8299630965985048 -0.8285017606233068 -0.8261262950439768 -0.8225692706275791 -0.8176068978745714 -0.811124438774001 -0.8031729158283574 -0.7939913139827954 -0.7839789909087667 -0.773624870169176 -0.7634191812040501 -0.7537776798619122 -0.7500541888398784 -0.7500541888398784 -0.7500541888398771 -0.7500541888398768 -0.7500541888398768 -0.7500541888398768 -0.7500541888398771 -0.7500541888398771 -0.7500541888398771 
-0.8654672831157052 -0.865305939560965 -0.8650969283102916 -0.8648259273965002 -0.8644741499745149 -0.8640168424955633 -0.8634212030993109 -0.8626434459313157 -0.861624571879547 -0.8602841033098406 -0.8585102520807413 -0.8550412425935496 -0.8433126889064242 -0.8294096279216959 -0.8139248613331534 -0.7976293594470512 -0.7813344571403912 -0.7657564569306853 -0.7514300344673845 -0.7500541888398784 -0.7500541888398784 -0.7500541888398768 -0.7500541888398768 -0.7500541888398768 -0.7500541888398771 -0.7500541888398771 -0.7500541888398771 
-0.886770207511647 -0.8866628025564269 -0.8865237113602898 -0.8863434442886127 -0.8861095737488006 -0.8858057594169141 -0.8854104057614012 -0.8848947833706782 -0.8842203486614175 -0.8833348305158655 -0.8821663574016937 -0.8806143506008374 -0.8785348187429063 -0.8757148096769694 -0.8641042537817685 -0.8390352541434423 -0.8134004641829111 -0.78843277315563 -0.7651072867392937 -0.7500541888398784 -0.7500541888398784 -0.7500541888398766 -0.7500541888398768 -0.7500541888398768 -0.7500541888398771 -0.7500541888398771 -0.7500541888398771 
-0.9005527802967939 -0.9004816083663156 -0.9003894576595168 -0.9002700574740843 -0.9001152038887505 -0.8999141237684055 -0.8996526023533663 -0.8993117682333219 -0.8988663696654039 -0.8982822745081802 -0.8975127470991772 -0.8964927279226724 -0.8951297149226768 -0.893288578537649 -0.8907648968906263 -0.8872344251907088 -0.8689200603639191 -0.8296228331782177 -0.7919655228002243 -0.7572272821925682 -0.7500541888398784 -0.7500541888398766 -0.7500541888398768 -0.7500541888398768 -0.7500541888398771 -0.7500541888398771 -0.7500541888398771 
-0.9094188888000124 -0.9093716002352209 -0.9093103801125203 -0.909231069121972 -0.9091282289891948 -0.9089947239474548 -0.9088211480933519 -0.9085950303132605 -0.9082997105278258 -0.9079127168845005 -0.9074033613689225 -0.906729067412036 -0.9058295557998994 -0.9046172411062811 -0.9029605467273674 -0.9006530849224645 -0.8973521602449301 -0.8924376495224604 -0.8425562103715695 -0.7855224298841698 -0.7500541888398784 -0.7500541888398784 -0.7500541888398766 -0.7500541888398768 -0.7500541888398768 -0.7500541888398771 -0.7500541888398771 
-0.9151272806779165 -0.9150956131685485 -0.9150546191750525 -0.9150015162746713 -0.9149326678419357 -0.9148433044517683 -0.9147271433145518 -0.9145758609441944 -0.9143783496274269 -0.9141196467961231 -0.9137793541789583 -0.913329232938249 -0.9127294141781671 -0.9119221740940373 -0.9108211904945451 -0.9092918609579066 -0.9071124865811279 -0.9038901257644705 -0.8988525463070312 -0.8435949674384806 -0.7527615227574573 -0.7500541888398784 -0.7500541888398766 -0.7500541888398768 -0.7500541888398768 -0.7500541888398768 -0.7500541888398771 
-0.9188240504179248 -0.9188026025253513 -0.9187748391930494 -0.9187388771428578 -0.918692255508293 -0.9186317478515453 -0.9185531056462662 -0.9184507032934074 -0.9183170383901964 -0.9181420135292353 -0.9179118782486991 -0.9176076238283176 -0.9172024619617254 -0.9166576988377797 -0.9159156469325147 -0.9148867133699099 -0.9134241219235153 -0.9112696680246106 -0.9079221640539268 -0.9022569198485392 -0.8071554942232279 -0.7500541888398784 -0.7500541888398763 -0.7500541888398766 -0.7500541888398768 -0.7500541888398768 -0.7500541888398768 
-0.921240984108191 -0.9212262620443193 -0.9212072054986311 -0.9211825222663739 -0.9211505240750274 -0.9211089978495869 -0.9210550301633915 -0.9209847645084395 -0.9208930599479126 -0.9207730011647696 -0.9206151777714351 -0.9204065929189243 -0.9201289527478416 -0.9197558745190586 -0.9192481054726809 -0.9185448481431755 -0.9175468642073334 -0.9160804676171026 -0.9138110819181249 -0.9099977165521694 -0.9025830517359239 -0.7500541888398784 -0.7500541888398768 -0.7500541888398768 -0.7500541888398768 -0.7500541888398768 -0.7500541888398768 
-0.9228406144683682 -0.9228303631542885 -0.9228170938312722 -0.9227999069000566 -0.9227776271278546 -0.9227487141317756 -0.9227111403628778 -0.9226622224909053 -0.9225983844491448 -0.9225148176146212 -0.9224049814719975 -0.9222598483724037 -0.9220667215849141 -0.9218073096095502 -0.9214544355707887 -0.9209660832363198 -0.9202738414679992 -0.9192583981329836 -0.9176911218119695 -0.9150699999574958 -0.9100262696486783 -0.7500541888398784 -0.7500541888398768 -0.7500541888398768 -0.7500541888398768 -0.7500541888398771 -0.7500541888398771 
-0.9239143637053084 -0.9239071219818724 -0.9238977483348342 -0.9238856073301872 -0.9238698688752235 -0.923849445029768 -0.9238229039010757 -0.9237883506986412 -0.9237432606610583 -0.9236842395971164 -0.9236066722755787 -0.923504191074265 -0.9233678452650915 -0.923184749224553 -0.9229357759574988 -0.9225913916821062 -0.9221035915876843 -0.921388855940206 -0.9202877214204603 -0.9184521359374128 -0.914944010165057 -0.7500541888420758 -0.7500541888398763 -0.7500541888398763 -0.7500541888398763 -0.7500541888398763 -0.7500541888398762 
-0.9246461738710682 -0.9246409872558384 -0.9246342737251629 -0.9246255781744738 -0.924614306090159 -0.9245996783059739 -0.9245806693624038 -0.9245559223784388 -0.9245236295185777 -0.9244813607447881 -0.9244258124938249 -0.9243524281121487 -0.9242548048666683 -0.9241237298141752 -0.9239455364668936 -0.9236991408823256 -0.923350313453743 -0.9228396011023964 -0.9220537782048351 -0.920746560222082 -0.9162825265016488 -0.8549780245514992 -0.750054188839876 -0.750054188839876 -0.750054188839876 -0.750054188839876 -0.7500541888398762 
-0.9251527917931003 -0.9251490297307629 -0.9251441601040119 -0.9251378527824425 -0.9251296765039805 -0.9251190660552052 -0.925105277562313 -0.9250873267567937 -0.9250639023125425 -0.9250332417287608 -0.9249929492473279 -0.9249397209829319 -0.9248689157184553 -0.9247738574854674 -0.9246446476904777 -0.9244660246279593 -0.9242132305420906 -0.9238423422019812 -0.9233400243726975 -0.9217923217896633 -0.910975931598552 -0.8514427206157333 -0.7500541888398955 -0.7500541888398964 -0.7500541888398964 -0.7500541888398964 -0.7500541888398964 
