nan nan nan nan nan nan nan nan nan nan nan nan nan nan nan nan nan nan nan nan nan nan nan nan nan nan nan 
nan nan nan nan nan nan nan nan nan nan nan nan nan nan nan nan nan nan nan nan nan nan nan nan nan nan nan 
nan nan nan nan nan nan nan nan nan nan nan nan nan nan nan nan nan nan nan nan nan nan nan nan nan nan nan 
nan nan nan nan nan nan nan nan nan nan nan nan nan nan nan nan nan nan nan nan nan nan nan nan nan nan nan 
nan nan nan nan nan nan nan nan nan nan nan nan nan nan nan nan nan nan nan nan nan nan nan nan nan nan nan 
nan nan nan nan nan nan nan nan nan nan nan nan nan nan nan nan nan nan nan nan nan nan nan nan nan nan nan 
nan nan nan nan nan nan nan nan nan nan nan nan nan nan nan nan nan nan nan nan nan nan nan nan nan nan nan 
nan nan nan nan nan nan nan nan nan nan nan nan nan nan nan nan nan nan nan nan nan nan nan nan nan nan nan 
nan nan nan nan nan nan nan nan nan nan nan nan nan nan nan nan nan nan nan nan nan nan nan nan nan nan nan 
nan nan nan nan nan nan nan nan nan nan nan nan nan nan nan nan nan nan nan nan nan nan nan nan nan nan nan 
nan nan nan nan nan nan nan nan nan nan nan nan nan nan nan nan nan nan nan nan nan nan nan nan nan nan nan 
nan nan nan nan nan nan nan nan nan nan nan nan nan nan nan nan nan nan nan nan nan nan nan nan nan nan nan 
nan nan nan nan nan nan nan nan nan nan nan nan nan nan nan nan nan nan nan nan nan nan nan nan nan nan nan 
nan nan nan nan nan nan nan nan nan nan nan nan nan nan nan nan nan nan nan nan nan nan nan nan nan nan nan 
nan nan nan nan nan nan nan nan nan nan nan nan nan nan nan nan nan nan nan nan nan nan nan nan nan nan nan 
nan nan nan nan nan nan nan nan nan nan nan nan nan nan nan nan nan nan nan nan nan nan nan nan nan nan nan 
nan nan nan nan nan nan nan nan nan nan nan nan nan nan nan nan nan nan nan nan nan nan nan nan nan nan nan 
0.18208162274486872 0.18208162274486872 0.18208162274486872 0.8810516270808875 -0.7721608866944563 0.18208162274486872 2.5622928644564746 nan nan nan nan nan nan nan nan nan nan nan nan nan nan nan nan nan nan nan nan 
0.18208162274486872 0.18208162274486872 0.18208162274486872 0.8810516270808875 0.18208162274486872 0.18208162274486872 0.8810516270808875 0.8810516270808875 0.18208162274486872 2.5622928644564746 nan nan nan nan nan nan nan nan nan nan nan nan nan nan nan nan nan 
0.18208162274486872 0.8810516270808875 0.8810516270808875 -0.11894837291911245 0.18208162274486872 0.18208162274486872 0.18208162274486872 0.18208162274486872 -0.11894837291911245 0.18208162274486872 0.18208162274486872 2.5622928644564746 nan nan nan nan nan nan nan nan nan nan nan nan nan nan nan 
0.18208162274486872 1.5622928644564746 1.4831116184088498 1.4831116184088498 2.5622928644564746 1.5209001792982497 1.5622928644564746 1.5622928644564746 1.5622928644564746 1.5209001792982497 1.5209001792982497 0.18208162274486872 0.8810516270808875 2.5622928644564746 nan nan nan nan nan nan nan nan nan nan nan nan nan 
1.4831116184088498 1.4831116184088498 1.4831116184088498 1.4831116184088498 1.5209001792982497 1.717194824442218 1.784141614072831 1.784141614072831 1.784141614072831 1.717194824442218 1.659202877464531 1.5622928644564746 1.5209001792982497 0.8810516270808875 2.5622928644564746 nan nan nan nan nan nan nan nan nan nan nan nan 
1.4831116184088498 1.4831116184088498 1.4831116184088498 1.5209001792982497 1.784141614072831 1.863322860120456 1.9602328731285124 1.717194824442218 1.9602328731285124 1.9602328731285124 1.863322860120456 1.717194824442218 1.659202877464531 1.5622928644564746 -0.8179183772551313 -0.6630164172693881 nan nan nan nan nan nan nan nan nan nan nan 
1.4831116184088498 1.4831116184088498 1.5622928644564746 1.784141614072831 1.9602328731285124 2.085171609736812 2.085171609736812 2.085171609736812 2.2612628687924934 2.085171609736812 2.085171609736812 1.6080503550171499 1.784141614072831 1.717194824442218 1.6080503550171499 1.5209001792982497 0.8810516270808875 nan nan nan nan nan nan nan nan nan nan 
1.4831116184088498 1.6080503550171499 1.863322860120456 2.085171609736812 2.085171609736812 2.2612628687924934 2.2612628687924934 2.2612628687924934 2.2612628687924934 2.2612628687924934 2.2612628687924934 2.085171609736812 1.9602328731285124 1.863322860120456 1.717194824442218 1.6080503550171499 1.5209001792982497 2.5622928644564746 nan nan nan nan nan nan nan nan nan 
1.6080503550171499 1.9602328731285124 2.085171609736812 2.2612628687924934 2.2612628687924934 2.2612628687924934 2.085171609736812 2.085171609736812 2.085171609736812 2.5622928644564746 2.5622928644564746 2.2612628687924934 2.085171609736812 1.9602328731285124 1.863322860120456 1.717194824442218 1.6080503550171499 1.5622928644564746 nan nan nan nan nan nan nan nan nan 
2.085171609736812 2.2612628687924934 2.2612628687924934 2.5622928644564746 1.9602328731285124 2.5622928644564746 2.5622928644564746 2.5622928644564746 2.5622928644564746 2.5622928644564746 2.5622928644564746 2.5622928644564746 2.2612628687924934 2.085171609736812 1.9602328731285124 1.863322860120456 1.717194824442218 1.6080503550171499 1.5622928644564746 nan nan nan nan nan nan nan nan 
2.2612628687924934 2.085171609736812 2.5622928644564746 2.5622928644564746 2.5622928644564746 2.5622928644564746 2.5622928644564746 2.5622928644564746 2.5622928644564746 2.5622928644564746 2.5622928644564746 2.5622928644564746 2.5622928644564746 2.2612628687924934 2.085171609736812 1.9602328731285124 1.863322860120456 1.717194824442218 1.6080503550171499 2.5622928644564746 nan nan nan nan nan nan nan 
2.5622928644564746 2.5622928644564746 2.5622928644564746 2.5622928644564746 2.5622928644564746 2.5622928644564746 2.5622928644564746 2.5622928644564746 2.5622928644564746 2.5622928644564746 2.5622928644564746 2.5622928644564746 2.5622928644564746 2.5622928644564746 2.2612628687924934 2.085171609736812 1.9602328731285124 1.784141614072831 1.717194824442218 1.6080503550171499 nan nan nan nan nan nan nan 
2.5622928644564746 2.5622928644564746 2.5622928644564746 2.5622928644564746 2.5622928644564746 2.5622928644564746 2.5622928644564746 2.5622928644564746 2.5622928644564746 nan 2.5622928644564746 2.5622928644564746 2.5622928644564746 2.5622928644564746 2.5622928644564746 2.085171609736812 2.085171609736812 1.9602328731285124 1.784141614072831 1.659202877464531 nan nan nan nan nan nan nan 
2.5622928644564746 2.5622928644564746 nan 2.5622928644564746 2.5622928644564746 2.5622928644564746 2.5622928644564746 2.5622928644564746 nan 2.5622928644564746 2.5622928644564746 nan 2.5622928644564746 2.5622928644564746 2.5622928644564746 2.5622928644564746 1.9602328731285124 2.085171609736812 1.863322860120456 1.717194824442218 1.6080503550171499 nan nan nan nan nan nan 
2.5622928644564746 2.5622928644564746 nan nan 2.5622928644564746 2.5622928644564746 nan 2.5622928644564746 nan 2.5622928644564746 nan nan nan nan 2.5622928644564746 2.5622928644564746 2.5622928644564746 2.2612628687924934 1.784141614072831 1.784141614072831 1.659202877464531 nan nan nan nan nan nan 
nan 2.5622928644564746 nan 2.5622928644564746 2.5622928644564746 2.5622928644564746 nan 2.5622928644564746 nan nan 2.5622928644564746 2.5622928644564746 2.5622928644564746 2.5622928644564746 2.5622928644564746 nan 2.5622928644564746 2.2612628687924934 2.5622928644564746 1.863322860120456 1.717194824442218 nan nan nan nan nan nan 
nan nan nan nan nan nan nan nan nan nan nan nan nan nan nan nan 2.5622928644564746 2.5622928644564746 2.5622928644564746 2.2612628687924934 1.784141614072831 nan nan nan nan nan nan 
nan nan nan nan nan nan nan nan nan nan nan nan nan nan nan nan 2.5622928644564746 2.5622928644564746 2.2612628687924934 2.5622928644564746 2.085171609736812 1.717194824442218 nan nan nan nan nan 
nan nan nan nan nan nan nan nan nan nan nan nan nan nan nan nan nan nan 2.5622928644564746 2.5622928644564746 2.5622928644564746 2.5622928644564746 nan nan nan nan nan 
nan nan nan nan nan nan nan nan nan nan nan nan nan nan nan nan nan nan 2.5622928644564746 2.5622928644564746 2.5622928644564746 2.5622928644564746 nan nan nan nan nan 
