nan nan nan nan nan nan nan nan nan nan nan nan nan nan nan nan nan nan nan nan nan nan nan nan nan nan nan 
nan nan nan nan nan nan nan nan nan nan nan nan nan nan nan nan nan nan nan nan nan nan nan nan nan nan nan 
nan nan nan nan nan nan nan nan nan nan nan nan nan nan nan nan nan nan nan nan nan nan nan nan nan nan nan 
nan nan nan nan nan nan nan nan nan nan nan nan nan nan nan nan nan nan nan nan nan nan nan nan nan nan nan 
nan nan nan nan nan nan nan nan nan nan nan nan nan nan nan nan nan nan nan nan nan nan nan nan nan nan nan 
nan nan nan nan nan nan nan nan nan nan nan nan nan nan nan nan nan nan nan nan nan nan nan nan nan nan nan 
nan nan nan nan nan nan nan nan nan nan nan nan nan nan nan nan nan nan nan nan nan nan nan nan nan nan nan 
nan nan nan nan nan nan nan nan nan nan nan nan nan nan nan nan nan nan nan nan nan nan nan nan nan nan nan 
nan nan nan nan nan nan nan nan nan nan nan nan nan nan nan nan nan nan nan nan nan nan nan nan nan nan nan 
nan nan nan nan nan nan nan nan nan nan nan nan nan nan nan nan nan nan nan nan nan nan nan nan nan nan nan 
nan nan nan nan nan nan nan nan nan nan nan nan nan nan nan nan nan nan nan nan nan nan nan nan nan nan nan 
nan nan nan nan nan nan nan nan nan nan nan nan nan nan nan nan nan nan nan nan nan nan nan nan nan nan nan 
nan nan nan nan nan nan nan nan nan nan nan nan nan nan nan nan nan nan nan nan nan nan nan nan nan nan nan 
nan nan nan nan nan nan nan nan nan nan nan nan nan nan nan nan nan nan nan nan nan nan nan nan nan nan nan 
nan nan nan nan nan nan nan nan nan nan nan nan nan nan nan nan nan nan nan nan nan nan nan nan nan nan nan 
nan nan nan nan nan nan nan nan nan nan nan nan nan nan nan nan nan nan nan nan nan nan nan nan nan nan nan 
nan nan nan nan nan nan nan nan nan nan nan nan nan nan nan nan nan nan nan nan nan nan nan nan nan nan nan 
0.8810516270808875 0.8810516270808875 2.5622928644564746 2.5622928644564746 2.5622928644564746 nan nan nan nan nan nan nan nan nan nan nan nan nan nan nan nan nan nan nan nan nan nan 
-0.8593110624133563 0.18208162274486872 0.8810516270808875 0.18208162274486872 0.18208162274486872 0.8810516270808875 0.18208162274486872 0.18208162274486872 2.5622928644564746 nan nan nan nan nan nan nan nan nan nan nan nan nan nan nan nan nan nan 
0.18208162274486872 0.8810516270808875 0.18208162274486872 0.18208162274486872 0.18208162274486872 0.18208162274486872 0.8810516270808875 0.18208162274486872 0.5800216314169062 -0.6630164172693881 2.5622928644564746 nan nan nan nan nan nan nan nan nan nan nan nan nan nan nan nan 
0.18208162274486872 0.18208162274486872 0.18208162274486872 0.18208162274486872 -0.11894837291911245 0.18208162274486872 0.18208162274486872 0.18208162274486872 -0.11894837291911245 0.8810516270808875 -0.4199783685830937 0.8810516270808875 2.5622928644564746 nan nan nan nan nan nan nan nan nan nan nan nan nan nan 
0.18208162274486872 0.18208162274486872 -0.8970996233027562 0.18208162274486872 0.18208162274486872 0.8810516270808875 0.18208162274486872 0.8810516270808875 0.18208162274486872 0.18208162274486872 -0.11894837291911245 -0.11894837291911245 0.18208162274486872 0.18208162274486872 nan nan nan nan nan nan nan nan nan nan nan nan nan 
-0.11894837291911245 -0.11894837291911245 -0.11894837291911245 -0.11894837291911245 0.18208162274486872 -0.29503963197479377 0.18208162274486872 0.8810516270808875 0.18208162274486872 -0.5960696276387749 0.18208162274486872 0.18208162274486872 0.8810516270808875 0.18208162274486872 -0.11894837291911245 nan nan nan nan nan nan nan nan nan nan nan nan 
-0.11894837291911245 0.8810516270808875 -0.11894837291911245 -0.11894837291911245 0.8810516270808875 0.18208162274486872 0.8810516270808875 0.18208162274486872 -0.11894837291911245 -0.8179183772551313 0.18208162274486872 -0.11894837291911245 0.18208162274486872 0.18208162274486872 0.18208162274486872 0.18208162274486872 nan nan nan nan nan nan nan nan nan nan nan 
-0.51688838159115 0.18208162274486872 0.18208162274486872 0.18208162274486872 -0.4199783685830937 0.8810516270808875 0.18208162274486872 0.18208162274486872 0.18208162274486872 0.18208162274486872 0.18208162274486872 0.18208162274486872 -0.11894837291911245 0.18208162274486872 0.18208162274486872 -0.29503963197479377 -0.11894837291911245 nan nan nan nan nan nan nan nan nan nan 
0.18208162274486872 0.8810516270808875 -0.29503963197479377 -0.29503963197479377 0.8810516270808875 -0.29503963197479377 0.18208162274486872 0.18208162274486872 -0.29503963197479377 -0.51688838159115 0.18208162274486872 -0.7210083642470748 -0.8970996233027562 0.18208162274486872 -0.8593110624133563 0.18208162274486872 0.18208162274486872 0.8810516270808875 nan nan nan nan nan nan nan nan nan 
-0.51688838159115 -0.4199783685830937 -0.11894837291911245 -0.5960696276387749 0.18208162274486872 -0.4199783685830937 0.18208162274486872 0.18208162274486872 0.8810516270808875 2.5622928644564746 -0.11894837291911245 0.8810516270808875 0.8810516270808875 0.8810516270808875 0.18208162274486872 0.18208162274486872 0.18208162274486872 -0.11894837291911245 2.5622928644564746 nan nan nan nan nan nan nan nan 
-0.11894837291911245 0.18208162274486872 0.18208162274486872 0.18208162274486872 -0.8593110624133563 0.5800216314169062 0.8810516270808875 0.18208162274486872 -0.29503963197479377 0.18208162274486872 -0.11894837291911245 0.18208162274486872 -0.4199783685830937 0.8810516270808875 -0.4199783685830937 0.18208162274486872 -0.29503963197479377 -0.9940096363108125 -0.51688838159115 nan nan nan nan nan nan nan nan 
0.18208162274486872 0.18208162274486872 -0.29503963197479377 0.18208162274486872 0.18208162274486872 0.18208162274486872 -0.9640464129333693 0.8810516270808875 -0.8970996233027562 -0.11894837291911245 0.18208162274486872 0.18208162274486872 0.18208162274486872 -0.11894837291911245 -0.51688838159115 0.8810516270808875 0.18208162274486872 0.8810516270808875 -0.29503963197479377 -0.11894837291911245 nan nan nan nan nan nan nan 
0.18208162274486872 0.18208162274486872 0.18208162274486872 -0.11894837291911245 0.8810516270808875 0.18208162274486872 0.18208162274486872 -0.29503963197479377 0.18208162274486872 -0.51688838159115 0.18208162274486872 0.18208162274486872 0.18208162274486872 0.18208162274486872 0.8810516270808875 0.8810516270808875 0.18208162274486872 0.18208162274486872 0.18208162274486872 0.18208162274486872 nan nan nan nan nan nan nan 
-0.11894837291911245 0.18208162274486872 0.18208162274486872 0.18208162274486872 -0.11894837291911245 0.18208162274486872 0.18208162274486872 -0.4199783685830937 -0.8970996233027562 0.8810516270808875 -0.6630164172693881 0.18208162274486872 0.18208162274486872 -0.11894837291911245 -0.11894837291911245 -0.11894837291911245 0.18208162274486872 -0.11894837291911245 2.5622928644564746 0.18208162274486872 2.5622928644564746 nan nan nan nan nan nan 
0.18208162274486872 0.18208162274486872 -0.11894837291911245 0.18208162274486872 0.18208162274486872 0.18208162274486872 0.18208162274486872 -0.7210083642470748 0.18208162274486872 -0.11894837291911245 -0.9940096363108125 0.18208162274486872 -0.4199783685830937 0.18208162274486872 2.5622928644564746 0.18208162274486872 0.18208162274486872 0.18208162274486872 -0.11894837291911245 0.18208162274486872 -0.51688838159115 nan nan nan nan nan nan 
-0.29503963197479377 0.8810516270808875 -0.6630164172693881 0.18208162274486872 0.18208162274486872 0.18208162274486872 0.18208162274486872 -0.51688838159115 0.18208162274486872 -0.11894837291911245 0.18208162274486872 0.18208162274486872 0.18208162274486872 0.18208162274486872 0.18208162274486872 0.8810516270808875 0.5800216314169062 0.18208162274486872 0.18208162274486872 0.18208162274486872 0.8810516270808875 nan nan nan nan nan nan 
0.18208162274486872 0.18208162274486872 0.18208162274486872 0.18208162274486872 0.18208162274486872 -0.29503963197479377 0.18208162274486872 -0.11894837291911245 -0.11894837291911245 -0.11894837291911245 0.8810516270808875 0.18208162274486872 0.5800216314169062 0.18208162274486872 0.8810516270808875 0.18208162274486872 0.18208162274486872 0.18208162274486872 0.8810516270808875 0.18208162274486872 0.18208162274486872 nan nan nan nan nan nan 
0.18208162274486872 -0.29503963197479377 -0.11894837291911245 0.18208162274486872 0.18208162274486872 -0.11894837291911245 0.18208162274486872 -0.11894837291911245 0.18208162274486872 0.18208162274486872 -0.11894837291911245 0.8810516270808875 -0.11894837291911245 -0.11894837291911245 0.18208162274486872 -0.4199783685830937 -0.7210083642470748 0.18208162274486872 -0.11894837291911245 -0.11894837291911245 -0.7210083642470748 nan nan nan nan nan nan 
0.18208162274486872 0.8810516270808875 -0.11894837291911245 -0.11894837291911245 -0.7721608866944563 0.18208162274486872 0.18208162274486872 2.5622928644564746 2.5622928644564746 0.18208162274486872 0.8810516270808875 0.8810516270808875 -0.29503963197479377 -0.51688838159115 0.18208162274486872 -0.29503963197479377 0.8810516270808875 -0.11894837291911245 0.18208162274486872 0.18208162274486872 -0.11894837291911245 2.5622928644564746 nan nan nan nan nan 
0.18208162274486872 -0.51688838159115 -0.11894837291911245 0.18208162274486872 -0.11894837291911245 -0.51688838159115 0.18208162274486872 0.8810516270808875 0.18208162274486872 0.8810516270808875 0.18208162274486872 0.18208162274486872 2.5622928644564746 0.8810516270808875 0.18208162274486872 0.18208162274486872 -0.6630164172693881 0.8810516270808875 0.18208162274486872 -0.11894837291911245 0.8810516270808875 2.2612628687924934 nan nan nan nan nan 
