nan nan nan nan nan nan nan nan nan nan nan nan nan nan nan nan nan nan nan nan nan nan nan nan nan nan nan 
nan nan nan nan nan nan nan nan nan nan nan nan nan nan nan nan nan nan nan nan nan nan nan nan nan nan nan 
nan nan nan nan nan nan nan nan nan nan nan nan nan nan nan nan nan nan nan nan nan nan nan nan nan nan nan 
nan nan nan nan nan nan nan nan nan nan nan nan nan nan nan nan nan nan nan nan nan nan nan nan nan nan nan 
nan nan nan nan nan nan nan nan nan nan nan nan nan nan nan nan nan nan nan nan nan nan nan nan nan nan nan 
nan nan nan nan nan nan nan nan nan nan nan nan nan nan nan nan nan nan nan nan nan nan nan nan nan nan nan 
nan nan nan nan nan nan nan nan nan nan nan nan nan nan nan nan nan nan nan nan nan nan nan nan nan nan nan 
nan nan nan nan nan nan nan nan nan nan nan nan nan nan nan nan nan nan nan nan nan nan nan nan nan nan nan 
nan nan nan nan nan nan nan nan nan nan nan nan nan nan nan nan nan nan nan nan nan nan nan nan nan nan nan 
nan nan nan nan nan nan nan nan nan nan nan nan nan nan nan nan nan nan nan nan nan nan nan nan nan nan nan 
nan nan nan nan nan nan nan nan nan nan nan nan nan nan nan nan nan nan nan nan nan nan nan nan nan nan nan 
nan nan nan nan nan nan nan nan nan nan nan nan nan nan nan nan nan nan nan nan nan nan nan nan nan nan nan 
nan nan nan nan nan nan nan nan nan nan nan nan nan nan nan nan nan nan nan nan nan nan nan nan nan nan nan 
nan nan nan nan nan nan nan nan nan nan nan nan nan nan nan nan nan nan nan nan nan nan nan nan nan nan nan 
nan nan nan nan nan nan nan nan nan nan nan nan nan nan nan nan nan nan nan nan nan nan nan nan nan nan nan 
nan nan nan nan nan nan nan nan nan nan nan nan nan nan nan nan nan nan nan nan nan nan nan nan nan nan nan 
nan nan nan nan nan nan nan nan nan nan nan nan nan nan nan nan nan nan nan nan nan nan nan nan nan nan nan 
0.8810516270808875 -0.29503963197479377 0.8810516270808875 0.5800216314169062 -0.11894837291911245 0.8810516270808875 2.5622928644564746 nan nan nan nan nan nan nan nan nan nan nan nan nan nan nan nan nan nan nan nan 
0.18208162274486872 -0.11894837291911245 -0.29503963197479377 0.18208162274486872 -0.11894837291911245 0.18208162274486872 0.18208162274486872 0.18208162274486872 -0.29503963197479377 2.5622928644564746 nan nan nan nan nan nan nan nan nan nan nan nan nan nan nan nan nan 
-0.11894837291911245 0.18208162274486872 0.18208162274486872 -0.11894837291911245 -0.11894837291911245 -0.8179183772551313 -0.11894837291911245 -0.11894837291911245 -0.11894837291911245 -0.931861729561968 0.18208162274486872 2.5622928644564746 nan nan nan nan nan nan nan nan nan nan nan nan nan nan nan 
0.8810516270808875 -0.4199783685830937 0.18208162274486872 -0.29503963197479377 0.18208162274486872 -0.51688838159115 0.18208162274486872 0.18208162274486872 0.18208162274486872 -0.29503963197479377 -1.1603410580773375 -0.11894837291911245 0.18208162274486872 2.5622928644564746 nan nan nan nan nan nan nan nan nan nan nan nan nan 
-0.11894837291911245 0.18208162274486872 0.18208162274486872 0.18208162274486872 0.18208162274486872 -0.11894837291911245 -0.7210083642470748 0.18208162274486872 0.18208162274486872 0.18208162274486872 0.18208162274486872 -0.11894837291911245 0.18208162274486872 0.18208162274486872 2.5622928644564746 nan nan nan nan nan nan nan nan nan nan nan nan 
0.18208162274486872 0.18208162274486872 0.18208162274486872 0.18208162274486872 0.18208162274486872 -0.11894837291911245 -0.51688838159115 -0.7210083642470748 -0.29503963197479377 -0.11894837291911245 0.18208162274486872 0.8810516270808875 -0.29503963197479377 0.18208162274486872 0.18208162274486872 0.18208162274486872 nan nan nan nan nan nan nan nan nan nan nan 
0.18208162274486872 -0.4199783685830937 0.18208162274486872 0.18208162274486872 0.18208162274486872 0.8810516270808875 0.18208162274486872 0.18208162274486872 -0.11894837291911245 0.18208162274486872 -0.9640464129333693 -0.29503963197479377 0.18208162274486872 0.18208162274486872 -0.5960696276387749 0.8810516270808875 -0.29503963197479377 nan nan nan nan nan nan nan nan nan nan 
0.8810516270808875 0.18208162274486872 0.18208162274486872 0.18208162274486872 -0.11894837291911245 -0.29503963197479377 0.18208162274486872 -0.11894837291911245 0.18208162274486872 -0.11894837291911245 0.8810516270808875 -0.9640464129333693 0.18208162274486872 -0.11894837291911245 0.18208162274486872 -0.11894837291911245 0.8810516270808875 2.5622928644564746 nan nan nan nan nan nan nan nan nan 
0.18208162274486872 0.18208162274486872 -0.11894837291911245 -0.11894837291911245 -0.29503963197479377 0.8810516270808875 -0.29503963197479377 -0.6630164172693881 0.18208162274486872 -0.11894837291911245 0.18208162274486872 0.18208162274486872 0.8810516270808875 -0.4199783685830937 0.18208162274486872 0.18208162274486872 0.18208162274486872 0.8810516270808875 nan nan nan nan nan nan nan nan nan 
0.18208162274486872 -0.11894837291911245 0.8810516270808875 0.18208162274486872 0.18208162274486872 -0.4199783685830937 0.18208162274486872 0.18208162274486872 0.18208162274486872 0.18208162274486872 0.5800216314169062 -0.11894837291911245 0.18208162274486872 0.18208162274486872 0.18208162274486872 0.8810516270808875 -0.51688838159115 0.18208162274486872 -0.29503963197479377 nan nan nan nan nan nan nan nan 
-0.51688838159115 -0.29503963197479377 -0.5960696276387749 0.18208162274486872 0.18208162274486872 0.5800216314169062 -0.11894837291911245 0.18208162274486872 -0.11894837291911245 -0.5960696276387749 0.18208162274486872 0.18208162274486872 0.18208162274486872 0.18208162274486872 0.8810516270808875 0.8810516270808875 0.18208162274486872 -1.1401376719890506 -1.1189483729191125 2.5622928644564746 nan nan nan nan nan nan nan 
0.18208162274486872 0.18208162274486872 0.18208162274486872 0.18208162274486872 -0.11894837291911245 0.18208162274486872 -0.11894837291911245 0.5800216314169062 0.8810516270808875 0.18208162274486872 0.8810516270808875 0.18208162274486872 0.18208162274486872 -0.11894837291911245 0.18208162274486872 -0.11894837291911245 -0.11894837291911245 -0.4199783685830937 -0.11894837291911245 0.18208162274486872 nan nan nan nan nan nan nan 
0.8810516270808875 0.18208162274486872 0.8810516270808875 0.18208162274486872 -0.11894837291911245 0.8810516270808875 2.5622928644564746 2.5622928644564746 0.18208162274486872 0.18208162274486872 -0.11894837291911245 0.8810516270808875 0.8810516270808875 0.8810516270808875 -0.8593110624133563 0.18208162274486872 -0.4199783685830937 0.18208162274486872 0.8810516270808875 0.18208162274486872 nan nan nan nan nan nan nan 
-0.9640464129333693 0.18208162274486872 0.18208162274486872 -0.11894837291911245 -0.11894837291911245 0.8810516270808875 0.18208162274486872 0.18208162274486872 0.8810516270808875 0.8810516270808875 -0.29503963197479377 2.5622928644564746 2.5622928644564746 -0.11894837291911245 -0.11894837291911245 0.18208162274486872 0.18208162274486872 0.18208162274486872 -0.11894837291911245 0.18208162274486872 -0.11894837291911245 nan nan nan nan nan nan 
-0.51688838159115 -0.11894837291911245 0.18208162274486872 0.8810516270808875 0.18208162274486872 0.18208162274486872 0.18208162274486872 -0.51688838159115 0.8810516270808875 -0.11894837291911245 0.18208162274486872 0.18208162274486872 0.18208162274486872 0.18208162274486872 2.5622928644564746 0.18208162274486872 -0.29503963197479377 0.8810516270808875 0.18208162274486872 0.18208162274486872 -0.11894837291911245 nan nan nan nan nan nan 
0.18208162274486872 -0.4199783685830937 0.8810516270808875 -0.11894837291911245 0.18208162274486872 0.18208162274486872 -0.11894837291911245 0.18208162274486872 -0.7721608866944563 0.18208162274486872 -0.29503963197479377 0.18208162274486872 -0.8179183772551313 0.18208162274486872 -0.11894837291911245 0.18208162274486872 1.448349512149638 1.4831116184088498 1.4831116184088498 1.448349512149638 -0.4199783685830937 nan nan nan nan nan nan 
-0.4199783685830937 0.18208162274486872 -0.29503963197479377 0.8810516270808875 0.18208162274486872 -0.29503963197479377 0.18208162274486872 0.8810516270808875 0.18208162274486872 0.8810516270808875 0.8810516270808875 0.18208162274486872 0.18208162274486872 -0.11894837291911245 1.4161648287782367 1.448349512149638 1.6080503550171499 1.6080503550171499 1.5622928644564746 1.5209001792982497 1.5209001792982497 nan nan nan nan nan nan 
0.18208162274486872 -0.9940096363108125 0.18208162274486872 0.18208162274486872 -0.11894837291911245 0.18208162274486872 -0.9640464129333693 0.18208162274486872 -0.11894837291911245 0.18208162274486872 -0.11894837291911245 0.18208162274486872 0.18208162274486872 1.3862016054007935 1.4831116184088498 1.659202877464531 1.863322860120456 1.784141614072831 1.659202877464531 1.6080503550171499 1.5622928644564746 1.5209001792982497 nan nan nan nan nan 
0.18208162274486872 0.18208162274486872 -0.11894837291911245 0.18208162274486872 0.18208162274486872 -0.11894837291911245 0.18208162274486872 0.18208162274486872 0.18208162274486872 0.18208162274486872 0.18208162274486872 -0.11894837291911245 1.3862016054007935 1.5209001792982497 1.659202877464531 1.863322860120456 1.9602328731285124 1.863322860120456 1.784141614072831 1.717194824442218 1.6080503550171499 1.5622928644564746 nan nan nan nan nan 
-0.11894837291911245 0.18208162274486872 0.18208162274486872 0.8810516270808875 0.18208162274486872 0.18208162274486872 0.8810516270808875 -0.931861729561968 0.18208162274486872 0.18208162274486872 0.18208162274486872 1.3862016054007935 1.5209001792982497 1.659202877464531 1.863322860120456 2.085171609736812 1.863322860120456 1.717194824442218 1.863322860120456 1.784141614072831 1.3862016054007935 1.6080503550171499 nan nan nan nan nan 
