2.6820823879963394 2.6820823879963394 2.6820823879963394 2.6820823879963394 2.6820823879963394 2.6820823879963394 2.6820823879963394 2.6820823879963394 2.6820823879963394 2.6820823879963394 2.6820823879963394 2.6820823879963394 2.6820823879963394 2.6820823879963402 2.6820823879963394 2.6820823879963402 2.6820823879963402 2.6820823879963402 2.6820823879963402 2.6820823879963402 2.6820823879963402 2.6820823879963402 2.6820823879963402 2.6820823879963402 2.6820823879963402 2.6820823879963402 2.6820823879963402 
2.6820823879963394 2.6820823879963394 2.6820823879963394 2.6820823879963394 2.6820823879963394 2.6820823879963394 2.6820823879963394 2.6820823879963394 2.6820823879963394 2.6820823879963394 2.6820823879963394 2.6820823879963394 2.6820823879963394 2.6820823879963394 2.6820823879963394 2.6820823879963394 2.6820823879963402 2.6820823879963402 2.6820823879963402 2.6820823879963394 2.6820823879963402 2.6820823879963402 2.6820823879963402 2.6820823879963402 2.6820823879963402 2.6820823879963402 2.6820823879963402 
2.6820823879963394 2.6820823879963402 2.6820823879963402 2.6820823879963402 2.6820823879963394 2.6820823879963394 2.6820823879963394 2.6820823879963394 2.6820823879963394 2.6820823879963394 2.6820823879963394 2.6820823879963394 2.6820823879963394 2.6820823879963402 2.6820823879963402 2.6820823879963402 2.6820823879963394 2.6820823879963394 2.6820823879963394 2.6820823879963402 2.6820823879963402 2.6820823879963402 2.6820823879963402 2.6820823879963402 2.6820823879963402 2.6820823879963402 2.6820823879963402 
2.6820823879963394 2.6820823879963394 2.6820823879963394 2.6820823879963402 2.6820823879963402 2.6820823879963402 2.6820823879963394 2.6820823879963394 2.6820823879963394 2.6820823879963394 2.6820823879963394 2.6820823879963394 2.6820823879963394 2.6820823879963394 2.6820823879963402 2.6820823879963394 2.6820823879963394 2.6820823879963402 2.6820823879963402 2.6820823879963394 2.6820823879963402 2.6820823879963402 2.6820823879963402 2.6820823879963394 2.6820823879963402 2.6820823879963402 2.6820823879963402 
2.6820823879963394 2.6820823879963402 2.6820823879963402 2.6820823879963402 2.6820823879963402 2.6820823879963402 2.6820823879963402 2.6820823879963402 2.6820823879963402 2.6820823879963402 2.6820823879963394 2.6820823879963402 2.6820823879963402 2.6820823879963394 2.6820823879963394 2.6820823879963394 2.6820823879963402 2.6820823879963394 2.6820823879963394 2.6820823879963402 2.6820823879963402 2.6820823879963402 2.6820823879963402 2.6820823879963402 2.6820823879963402 2.6820823879963402 2.6820823879963402 
2.6820823879963402 2.6820823879963402 2.6820823879963402 2.6820823879963402 2.6820823879963402 2.6820823879963402 2.6820823879963402 2.6820823879963402 2.6820823879963402 2.6820823879963402 2.6820823879963402 2.6820823879963394 2.6820823879963394 2.6820823879963394 2.6820823879963394 2.6820823879963394 2.6820823879963394 2.6820823879963394 2.6820823879963394 2.6820823879963394 2.6820823879963394 2.6820823879963394 2.6820823879963394 2.6820823879963394 2.6820823879963402 2.6820823879963402 2.6820823879963402 
2.6820823879963402 2.6820823879963402 2.6820823879963402 2.6820823879963402 2.6820823879963402 2.6820823879963402 2.6820823879963402 2.6820823879963402 2.6820823879963402 2.6820823879963402 2.6820823879963402 2.6820823879963402 2.6820823879963402 2.6820823879963402 2.6820823879963402 2.6820823879963394 2.6820823879963394 2.6820823879963394 2.6820823879963394 2.6820823879963394 2.6820823879963394 2.6820823879963394 2.6820823879963394 2.6820823879963394 2.6820823879963394 2.6820823879963394 2.6820823879963394 
2.6820823879963402 2.6820823879963402 2.6820823879963402 2.6820823879963402 2.6820823879963402 2.6820823879963402 2.6820823879963402 2.6820823879963394 2.6820823879963402 2.6820823879963394 2.6820823879963402 2.6820823879963402 2.6820823879963402 2.6820823879963402 2.6820823879963402 2.6820823879963402 2.6820823879963402 2.6820823879963402 2.6820823879963402 2.6820823879963394 2.6820823879963402 2.6820823879963394 2.6820823879963394 2.6820823879963394 2.6820823879963394 2.6820823879963402 2.6820823879963394 
2.6820823879963402 2.6820823879963394 2.6820823879963394 2.6820823879963394 2.6820823879963394 2.6820823879963394 2.6820823879963402 2.6820823879963394 2.6820823879963394 2.6820823879963394 2.6820823879963394 2.6820823879963402 2.6820823879963394 2.6820823879963402 2.6820823879963402 2.6820823879963394 2.6820823879963402 2.6820823879963402 2.6820823879963402 2.6820823879963402 2.6820823879963402 2.6820823879963402 2.6820823879963394 2.6820823879963402 2.6820823879963402 2.6820823879963402 2.6820823879963402 
2.6820823879963394 2.6820823879963402 2.6820823879963394 2.6820823879963402 2.6820823879963402 2.6820823879963394 2.6820823879963394 2.6820823879963394 2.6820823879963394 2.6820823879963394 2.6820823879963394 2.6820823879963394 2.6820823879963394 2.6820823879963402 2.6820823879963394 2.6820823879963402 2.6820823879963402 2.6820823879963402 2.6820823879963402 2.6820823879963394 2.6820823879963402 2.6820823879963402 2.6820823879963402 2.6820823879963402 2.6820823879963402 2.6820823879963402 2.6820823879963402 
2.6820823879963402 2.6820823879963394 2.6820823879963402 2.6820823879963402 2.6820823879963394 2.6820823879963402 2.6820823879963402 2.6820823879963402 2.6820823879963402 2.6820823879963402 2.6820823879963402 2.6820823879963402 2.6820823879963402 2.6820823879963402 2.6820823879963394 2.6820823879963394 2.6820823879963394 2.6820823879963394 2.6820823879963394 2.6820823879963394 2.6820823879963394 2.6820823879963394 2.6820823879963402 2.6820823879963402 2.6820823879963402 2.6820823879963402 2.6820823879963402 
2.6820823879963394 2.6820823879963394 2.6820823879963394 2.6820823879963394 2.6820823879963394 2.6820823879963394 2.6820823879963394 2.6820823879963394 2.6820823879963394 2.6820823879963394 2.6820823879963394 2.6820823879963402 2.6820823879963394 2.6820823879963402 2.6820823879963402 2.6820823879963402 2.6820823879963402 2.6820823879963402 2.6820823879963402 2.6820823879963402 2.6820823879963402 2.6820823879963402 2.6820823879963394 2.6820823879963394 2.6820823879963402 2.6820823879963402 2.6820823879963394 
2.6820823879963402 2.6820823879963402 2.6820823879963402 2.6820823879963394 2.6820823879963402 2.6820823879963402 2.6820823879963402 2.6820823879963402 2.6820823879963394 2.6820823879963402 2.6820823879963402 2.6820823879963402 2.6820823879963402 2.6820823879963402 2.6820823879963394 2.6820823879963394 2.6820823879963394 2.6820823879963394 2.6820823879963394 2.6820823879963394 2.6820823879963394 2.6820823879963402 2.6820823879963402 2.6820823879963394 2.6820823879963394 2.6820823879963402 2.6820823879963402 
2.6820823879963633 2.682082387996357 2.682082387996352 2.6820823879963474 2.6820823879963447 2.682082387996342 2.682082387996341 2.6820823879963402 2.6820823879963402 2.6820823879963402 2.6820823879963402 2.6820823879963394 2.6820823879963402 2.6820823879963394 2.6820823879963394 2.6820823879963394 2.6820823879963402 2.6820823879963394 2.6820823879963394 2.6820823879963394 2.6820823879963402 2.6820823879963402 2.6820823879963402 2.6820823879963402 2.6820823879963402 2.6820823879963402 2.6820823879963394 
2.6820823879963687 2.6820823879963687 2.6820823879963687 2.6820823879963687 2.6820823879963687 2.6820823879963687 2.682082387996368 2.682082387996368 2.682082387996352 2.682082387996342 2.6820823879963402 2.6820823879963394 2.6820823879963402 2.6820823879963402 2.6820823879963394 2.6820823879963394 2.6820823879963394 2.6820823879963394 2.6820823879963402 2.6820823879963402 2.6820823879963402 2.6820823879963402 2.6820823879963402 2.6820823879963394 2.6820823879963394 2.6820823879963394 2.6820823879963394 
2.6820823879963687 2.6820823879963687 2.6820823879963687 2.6820823879963687 2.6820823879963687 2.6820823879963687 2.682082387996368 2.682082387996368 2.682082387996368 2.682082387996368 2.682082387996368 2.6820823879963456 2.6820823879963402 2.6820823879963402 2.6820823879963402 2.6820823879963402 2.6820823879963394 2.6820823879963394 2.6820823879963394 2.6820823879963402 2.6820823879963402 2.6820823879963402 2.6820823879963402 2.6820823879963402 2.6820823879963394 2.6820823879963394 2.6820823879963394 
2.6820823879963687 2.6820823879963687 2.6820823879963687 2.6820823879963687 2.6820823879963687 2.6820823879963687 2.682082387996368 2.682082387996368 2.682082387996368 2.682082387996368 2.682082387996368 2.682082387996368 2.682082387996368 2.682082387996343 2.6820823879963402 2.6820823879963402 2.6820823879963394 2.6820823879963402 2.6820823879963402 2.6820823879963402 2.6820823879963394 2.6820823879963394 2.6820823879963394 2.6820823879963394 2.6820823879963402 2.6820823879963402 2.6820823879963402 
2.683725859715479 2.68357572719997 2.683390283309439 2.683163902715843 2.6828915183420863 2.682569486831352 2.6821966760990534 2.682082387996372 2.682082387996368 2.682082387996368 2.682082387996368 2.682082387996368 2.682082387996368 2.682082387996368 2.682082387996351 2.682082387996341 2.6820823879963402 2.6820823879963402 2.6820823879963402 2.6820823879963402 2.6820823879963394 2.6820823879963394 2.6820823879963394 2.6820823879963402 2.6820823879963394 2.6820823879963394 2.6820823879963402 
2.687537082896169 2.687272729111954 2.6869460869941264 2.6865471666309393 2.686066920891454 2.685498760950633 2.684840448882036 2.6840960828519043 2.6832776526945876 2.682405489676383 2.682082387996368 2.682082387996368 2.682082387996368 2.682082387996368 2.682082387996368 2.682082387996367 2.682082387996341 2.6820823879963402 2.6820823879963402 2.6820823879963402 2.6820823879963402 2.6820823879963402 2.6820823879963402 2.6820823879963394 2.6820823879963394 2.6820823879963394 2.6820823879963402 
2.6947656309806733 2.69430303367613 2.693731354364285 2.6930330516804863 2.692192208389363 2.6911971803294517 2.690043910255482 2.6887394119418992 2.6873045125392974 2.685774668405948 2.68419783509672 2.6826291604265045 2.682082387996368 2.682082387996368 2.682082387996368 2.682082387996368 2.682082387996368 2.682082387996341 2.6820823879963402 2.6820823879963402 2.6820823879963402 2.6820823879963402 2.6820823879963402 2.6820823879963402 2.6820823879963394 2.6820823879963394 2.6820823879963394 
2.7081502472570262 2.707338988206267 2.7063365104329113 2.705112120206892 2.703638013253113 2.7018939358694913 2.6998730099947927 2.6975878460883562 2.6950753318327934 2.6923980075307643 2.689640240881987 2.686898817977136 2.684269732420341 2.6820823986864157 2.682082387996368 2.682082387996368 2.682082387996368 2.682082387996368 2.6820823879963402 2.6820823879963402 2.6820823879963402 2.6820823879963402 2.6820823879963402 2.6820823879963402 2.6820823879963402 2.6820823879963394 2.6820823879963394 
2.732866762282094 2.7314238096860075 2.729641543070575 2.7274659870977613 2.7248486104349947 2.721754687357218 2.7181736866358444 2.7141300770608687 2.7096916263186257 2.7049714513538197 2.7001206915087037 2.6953112749948938 2.690712161923221 2.6864656379215637 2.682670553927842 2.682082387996368 2.682082387996368 2.682082387996368 2.6820823879963545 2.682082387996341 2.6820823879963402 2.6820823879963402 2.6820823879963402 2.6820823879963402 2.6820823879963402 2.6820823879963394 2.6820823879963394 
2.779559520090209 2.776897854412268 2.7736146113572486 2.7696134185936865 2.7648093652974213 2.759144629074597 2.7526075577220483 2.7452520173471626 2.737211449956196 2.7287007822452516 2.7200008093557946 2.7114248055262786 2.7032743788908604 2.6957970650503 2.689158035618835 2.683432249058188 2.682082387996368 2.682082387996368 2.682082387996368 2.682082387996344 2.682082387996341 2.6820823879963402 2.6820823879963402 2.6820823879963402 2.6820823879963402 2.6820823879963394 2.6820823879963402 
2.874048078656487 2.8686748121922747 2.8620737222761763 2.854069055984147 2.8445154416628915 2.8333294986034856 2.8205263943390904 2.8062540639057403 2.7908137814755767 2.774654592739135 2.758333694006473 2.7424458164755556 2.7275380618024156 2.7140347780137297 2.702193929564806 2.692103170418841 2.6837085385275277 2.682082387996368 2.682082387996368 2.682082387996368 2.682082387996342 2.682082387996342 2.682082387996341 2.682082387996341 2.6820823879963402 2.6820823879963394 2.6820823879963394 
3.1074743877636575 3.093034675994616 3.0756194952751974 3.054953263042454 3.0308932717726362 3.0034964316420583 2.973078520696527 2.9402477964392 2.90589428666512 2.8711227156898262 2.8371314670619387 2.80505890622719 2.775834019358637 2.7500712795213325 2.7280354312455684 2.7096763875855068 2.694711390393933 2.6827223940885103 2.682082387996368 2.682082387996368 2.6820823879963474 2.682082387996342 2.682082387996341 2.6820823879963402 2.6820823879963402 2.6820823879963394 2.6820823879963402 
6.811245165908586 6.6959349947737055 6.479006552517254 5.735640503251466 4.170889008833928 3.7875309489541893 3.555470003604462 3.3829144966468503 3.2441080380038194 3.128613622236915 3.0314158931957307 2.9497595981990115 2.8818284369227722 2.826118465939535 2.78115955188181 2.745441733125155 2.7174540894655355 2.6957639030712395 2.682082387996368 2.682082387996368 2.682082387996368 2.682082387996343 2.682082387996342 2.6820823879963402 2.6820823879963402 2.6820823879963402 2.6820823879963402 
7.617976715825598 7.6080084383154585 7.594754760602342 7.5769615910777315 7.552750268648641 7.519164952486397 7.471221324398339 7.399605654724809 7.283782069808839 7.061644701416789 6.1518201004671225 3.5298721026003923 3.1999454709899515 3.021122283008504 2.9045997008794 2.8235542335386166 2.7655945782040083 2.723598699832248 2.6929490390102657 2.682082387996368 2.682082387996368 2.6820823879963465 2.682082387996342 2.682082387996341 2.6820823879963402 2.6820823879963394 2.6820823879963394 
7.799243613403706 7.795142788854748 7.7897766140067555 7.782726252799778 7.773413212001439 7.761022148700075 7.744372751049203 7.721694167596499 7.690197005844601 7.645177302364545 7.5778661868526385 7.469084739893221 7.262223609227561 6.517831304753032 3.3556983569614625 3.0369765060105527 2.8802983230121733 2.7857144447664064 2.7240332574088564 2.682313332649869 2.682082387996368 2.6820823879963527 2.6820823879963447 2.682082387996342 2.682082387996341 2.6820823879963402 2.6820823879963394 
7.882264188480891 7.8801170108430565 7.877321860451507 7.87367466757391 7.8689010671717075 7.862627802260543 7.854339215549793 7.843308484908778 7.8284837936295215 7.808288856058835 7.780247380399253 7.740206843571055 7.68051453720942 7.584830898070737 7.407672061122339 6.889866567622027 3.307383442460881 2.952497395730295 2.7981563812056445 2.711085029389973 2.682082387996368 2.682082387996368 2.6820823879963474 2.682082387996342 2.6820823879963402 2.6820823879963394 2.6820823879963394 
7.890318127770442 7.890298798447624 7.890296092824569 7.890326597510555 7.890416584066407 7.890605512524536 7.8909491767005395 7.8915199482443645 7.892375954830998 7.88548362303899 7.870647443788626 7.8502317793240834 7.8215261959813915 7.779799744290701 7.71588973264271 7.608689928864554 7.390171398172296 6.049517316853043 3.02954491792069 2.785938655532415 2.682082387996368 2.682082387996368 2.6820823879963482 2.682082387996344 2.682082387996341 2.6820823879963394 2.6820823879963394 
7.870050074669922 7.869964922408956 7.869890881610875 7.869850558322858 7.869881587830148 7.87004274549297 7.870420244362727 7.871132121800461 7.872327194889611 7.874174152572872 7.876837283744848 7.880438887119464 7.884988411654226 7.868425364592871 7.835720362285516 7.786193095871379 7.705158891569791 7.551167706424785 7.095187186052373 3.0580451895925753 2.7200060601686156 2.682082387996368 2.682082387996344 2.6820823879963465 2.682082387996341 2.6820823879963394 2.6820823879963394 
7.837729886556598 7.837523717382181 7.837312000099184 7.83712325840991 7.837008210271712 7.837049867526389 7.837374754905173 7.838162312792608 7.839647034266886 7.8421057405658345 7.84582290525871 7.8510328806590355 7.857849788951741 7.866208450698565 7.875839757800841 7.869674508016201 7.8274809370162295 7.75782462315793 7.6243296730883365 7.238005002217009 2.9168047683713088 2.682082387996368 2.6820823879963385 2.6820823879963482 2.682082387996343 2.6820823879963402 2.6820823879963394 
7.788291108887801 7.787881076882389 7.787427905735385 7.78696254786018 7.786546368950075 7.7862870137000915 7.786357580213066 7.787015628520192 7.788614364094772 7.791593622107818 7.796436359881089 7.803582734944481 7.8133123297370854 7.8256303965727945 7.840208443962563 7.85641459911229 7.873419830980755 7.851829192462372 7.785098703759905 7.648119906790358 7.149958800465264 2.682082387996368 2.6820823879963394 2.6820823879963482 2.6820823879963465 2.682082387996344 2.682082387996342 
7.716550321989254 7.715829140571746 7.714993827602199 7.714067897480007 7.713111745352318 7.71224547310877 7.711679145042624 7.711747774959732 7.712942344939062 7.715919289746027 7.7214625863038435 7.730373828650027 7.743288264644503 7.760460445310901 7.7816071402029 7.805893752079268 7.8320858707081715 7.8588010043232615 7.8643002077204285 7.792203115858319 7.618432756385949 2.682082387996368 2.6820823879963385 2.6820823879963482 2.6820823879963465 2.6820823879963456 2.6820823879963447 
7.618802375665378 7.617661202995887 7.616293141634743 7.614697031917046 7.612908427465687 7.611028145869024 7.60926397947206 7.6079861706030005 7.607790919529777 7.609553498218109 7.614433872212536 7.6237820610482725 7.638900436307669 7.660681592938196 7.689243302905076 7.723747165447893 7.762522510966588 7.8034445662306995 7.844381997158746 7.86595740384964 7.773675794632671 7.448452328489938 2.6820823879963394 2.6820823879963394 2.6820823879963465 2.682082387996341 2.682082387996341 
7.438586946341832 7.439636149961354 7.440987832026701 7.442727932075876 7.444965982624195 7.447841054366112 7.451528859474234 7.456250018182255 7.462279326602453 7.4699351766545234 7.4726950021834515 7.4794702007574285 7.493557503433406 7.517096930618285 7.551391218407501 7.596297806656352 7.6500800520007575 7.709843920919936 7.772299150064235 7.834444244689051 7.852751548391307 7.6731787957311255 2.682082387996342 2.682082387996344 2.6820823879963456 2.682082387996344 2.6820823879963456 
7.237158487597025 7.238218319232018 7.23958373158518 7.241341571121093 7.2436025433427025 7.246507236667253 7.250233328078911 7.255003983149445 7.261097298281674 7.2688563590501705 7.278699076251158 7.291126404140877 7.306726894257801 7.326177607340152 7.3594827986641125 7.410211857306802 7.477480028946532 7.558251929325781 7.648126271414527 7.742780111408171 7.838976294090232 7.8009578631741885 2.6820823879963474 2.6820823879963376 2.682082387996344 2.6820823879963447 2.6820823879963385 
