2.6820823879963394 2.6820823879963394 2.6820823879963394 2.6820823879963394 2.6820823879963394 2.6820823879963394 2.6820823879963394 2.6820823879963394 2.6820823879963394 2.6820823879963394 2.6820823879963394 2.6820823879963394 2.6820823879963394 2.6820823879963394 2.6820823879963394 2.6820823879963402 2.6820823879963402 2.6820823879963394 2.6820823879963402 2.6820823879963402 2.6820823879963402 2.6820823879963402 2.6820823879963402 2.6820823879963402 2.6820823879963402 2.6820823879963402 2.6820823879963402 
2.6820823879963394 2.6820823879963394 2.6820823879963394 2.6820823879963394 2.6820823879963394 2.6820823879963394 2.6820823879963394 2.6820823879963394 2.6820823879963394 2.6820823879963394 2.6820823879963394 2.6820823879963394 2.6820823879963394 2.6820823879963394 2.6820823879963394 2.6820823879963394 2.6820823879963402 2.6820823879963402 2.6820823879963394 2.6820823879963394 2.6820823879963402 2.6820823879963402 2.6820823879963402 2.6820823879963402 2.6820823879963402 2.6820823879963402 2.6820823879963402 
2.6820823879963394 2.6820823879963394 2.6820823879963394 2.6820823879963394 2.6820823879963402 2.6820823879963394 2.6820823879963394 2.6820823879963394 2.6820823879963394 2.6820823879963394 2.6820823879963394 2.6820823879963394 2.6820823879963394 2.6820823879963402 2.6820823879963394 2.6820823879963394 2.6820823879963394 2.6820823879963394 2.6820823879963402 2.6820823879963402 2.6820823879963394 2.6820823879963402 2.6820823879963402 2.6820823879963402 2.6820823879963402 2.6820823879963402 2.6820823879963402 
2.6820823879963394 2.6820823879963402 2.6820823879963402 2.6820823879963402 2.6820823879963402 2.6820823879963394 2.6820823879963394 2.6820823879963394 2.6820823879963394 2.6820823879963394 2.6820823879963394 2.6820823879963394 2.6820823879963394 2.6820823879963394 2.6820823879963402 2.6820823879963402 2.6820823879963394 2.6820823879963394 2.6820823879963402 2.6820823879963402 2.6820823879963402 2.6820823879963394 2.6820823879963402 2.6820823879963394 2.6820823879963402 2.6820823879963402 2.6820823879963402 
2.6820823879963394 2.6820823879963394 2.6820823879963394 2.6820823879963402 2.6820823879963402 2.6820823879963402 2.6820823879963402 2.6820823879963402 2.6820823879963402 2.6820823879963394 2.6820823879963394 2.6820823879963402 2.6820823879963394 2.6820823879963394 2.6820823879963394 2.6820823879963394 2.6820823879963402 2.6820823879963394 2.6820823879963394 2.6820823879963402 2.6820823879963402 2.6820823879963402 2.6820823879963402 2.6820823879963402 2.6820823879963394 2.6820823879963394 2.6820823879963402 
2.6820823879963402 2.6820823879963402 2.6820823879963402 2.6820823879963402 2.6820823879963402 2.6820823879963402 2.6820823879963402 2.6820823879963402 2.6820823879963402 2.6820823879963402 2.6820823879963402 2.6820823879963402 2.6820823879963394 2.6820823879963394 2.6820823879963394 2.6820823879963394 2.6820823879963394 2.6820823879963394 2.6820823879963394 2.6820823879963394 2.6820823879963394 2.6820823879963394 2.6820823879963402 2.6820823879963394 2.6820823879963394 2.6820823879963402 2.6820823879963402 
2.6820823879963402 2.6820823879963402 2.6820823879963402 2.6820823879963402 2.6820823879963402 2.6820823879963402 2.6820823879963402 2.6820823879963402 2.6820823879963402 2.6820823879963402 2.6820823879963402 2.6820823879963402 2.6820823879963402 2.6820823879963402 2.6820823879963402 2.6820823879963402 2.6820823879963394 2.6820823879963394 2.6820823879963394 2.6820823879963394 2.6820823879963394 2.6820823879963402 2.6820823879963394 2.6820823879963394 2.6820823879963394 2.6820823879963402 2.6820823879963394 
2.6820823879963402 2.6820823879963402 2.6820823879963402 2.6820823879963394 2.6820823879963402 2.6820823879963402 2.6820823879963402 2.6820823879963402 2.6820823879963394 2.6820823879963402 2.6820823879963402 2.6820823879963402 2.6820823879963402 2.6820823879963402 2.6820823879963402 2.6820823879963402 2.6820823879963394 2.6820823879963402 2.6820823879963394 2.6820823879963402 2.6820823879963394 2.6820823879963394 2.6820823879963394 2.6820823879963402 2.6820823879963402 2.6820823879963394 2.6820823879963394 
2.6820823879963402 2.6820823879963402 2.6820823879963394 2.6820823879963394 2.6820823879963394 2.6820823879963394 2.6820823879963394 2.6820823879963394 2.6820823879963402 2.6820823879963394 2.6820823879963402 2.6820823879963402 2.6820823879963402 2.6820823879963402 2.6820823879963402 2.6820823879963394 2.6820823879963402 2.6820823879963402 2.6820823879963402 2.6820823879963402 2.6820823879963394 2.6820823879963402 2.6820823879963402 2.6820823879963402 2.6820823879963394 2.6820823879963402 2.6820823879963402 
2.6820823879963394 2.6820823879963394 2.6820823879963394 2.6820823879963394 2.6820823879963394 2.6820823879963394 2.6820823879963394 2.6820823879963394 2.6820823879963394 2.6820823879963394 2.6820823879963394 2.6820823879963394 2.6820823879963402 2.6820823879963394 2.6820823879963394 2.6820823879963402 2.6820823879963394 2.6820823879963402 2.6820823879963394 2.6820823879963402 2.6820823879963402 2.6820823879963402 2.6820823879963402 2.6820823879963402 2.6820823879963402 2.6820823879963402 2.6820823879963402 
2.6820823879963402 2.6820823879963402 2.6820823879963402 2.6820823879963402 2.6820823879963402 2.6820823879963402 2.6820823879963402 2.6820823879963402 2.6820823879963402 2.6820823879963402 2.6820823879963402 2.6820823879963402 2.6820823879963402 2.6820823879963394 2.6820823879963394 2.6820823879963394 2.6820823879963394 2.6820823879963394 2.6820823879963394 2.6820823879963394 2.6820823879963394 2.6820823879963402 2.6820823879963402 2.6820823879963402 2.6820823879963402 2.6820823879963402 2.6820823879963394 
2.6820823879963394 2.6820823879963394 2.6820823879963394 2.6820823879963394 2.6820823879963394 2.6820823879963394 2.6820823879963394 2.6820823879963394 2.6820823879963394 2.6820823879963394 2.6820823879963402 2.6820823879963394 2.6820823879963402 2.6820823879963402 2.6820823879963402 2.6820823879963402 2.6820823879963402 2.6820823879963402 2.6820823879963402 2.6820823879963402 2.6820823879963394 2.6820823879963394 2.6820823879963402 2.6820823879963402 2.6820823879963394 2.6820823879963394 2.6820823879963394 
2.6820823879963402 2.6820823879963402 2.6820823879963402 2.6820823879963394 2.6820823879963402 2.6820823879963402 2.6820823879963402 2.6820823879963402 2.6820823879963402 2.6820823879963402 2.6820823879963402 2.6820823879963402 2.6820823879963402 2.6820823879963394 2.6820823879963394 2.6820823879963394 2.6820823879963394 2.6820823879963394 2.6820823879963394 2.6820823879963402 2.6820823879963394 2.6820823879963402 2.6820823879963394 2.6820823879963402 2.6820823879963402 2.6820823879963402 2.6820823879963402 
2.682082387996367 2.68208238799636 2.6820823879963536 2.6820823879963482 2.6820823879963447 2.682082387996343 2.682082387996341 2.6820823879963402 2.6820823879963402 2.6820823879963402 2.6820823879963394 2.6820823879963394 2.6820823879963394 2.6820823879963394 2.6820823879963394 2.6820823879963394 2.6820823879963394 2.6820823879963402 2.6820823879963402 2.6820823879963402 2.6820823879963402 2.6820823879963402 2.6820823879963402 2.6820823879963402 2.6820823879963394 2.6820823879963402 2.6820823879963394 
2.6820823879963687 2.6820823879963687 2.6820823879963687 2.6820823879963687 2.6820823879963687 2.6820823879963687 2.6820823879963687 2.6820823879963687 2.6820823879963527 2.682082387996343 2.6820823879963402 2.6820823879963394 2.6820823879963394 2.6820823879963394 2.6820823879963394 2.6820823879963394 2.6820823879963402 2.6820823879963402 2.6820823879963402 2.6820823879963402 2.6820823879963394 2.6820823879963394 2.6820823879963394 2.6820823879963394 2.6820823879963394 2.6820823879963394 2.6820823879963394 
2.6820823879963687 2.6820823879963687 2.6820823879963687 2.6820823879963687 2.6820823879963687 2.6820823879963687 2.6820823879963687 2.6820823879963687 2.6820823879963687 2.6820823879963687 2.6820823879963687 2.6820823879963456 2.682082387996341 2.6820823879963394 2.6820823879963402 2.6820823879963394 2.6820823879963394 2.6820823879963394 2.6820823879963402 2.6820823879963394 2.6820823879963402 2.6820823879963402 2.6820823879963402 2.6820823879963394 2.6820823879963394 2.6820823879963394 2.6820823879963394 
2.6820823879963687 2.6820823879963687 2.6820823879963687 2.6820823879963687 2.6820823879963687 2.6820823879963687 2.6820823879963687 2.6820823879963687 2.6820823879963687 2.6820823879963687 2.6820823879963687 2.6820823879963687 2.6820823879963687 2.682082387996343 2.6820823879963402 2.6820823879963402 2.6820823879963402 2.6820823879963402 2.6820823879963402 2.6820823879963394 2.6820823879963394 2.6820823879963402 2.6820823879963402 2.6820823879963402 2.6820823879963402 2.6820823879963402 2.6820823879963402 
2.68423220513 2.684037792811047 2.6837971508239615 2.6835026062425413 2.683147017987552 2.6827248516855526 2.682233566260849 2.682082387996374 2.6820823879963687 2.6820823879963687 2.6820823879963687 2.6820823879963687 2.6820823879963687 2.6820823879963687 2.682082387996352 2.682082387996341 2.6820823879963402 2.6820823879963394 2.6820823879963402 2.6820823879963394 2.6820823879963394 2.6820823879963394 2.6820823879963402 2.6820823879963402 2.6820823879963402 2.6820823879963402 2.6820823879963402 
2.6892273158800544 2.688887671614479 2.68846722865894 2.687952557210301 2.687331145586465 2.686593276363208 2.68573442312503 2.684757848388676 2.6836767826816788 2.682515345133001 2.6820823879963687 2.6820823879963687 2.6820823879963687 2.6820823879963687 2.6820823879963687 2.6820823879963687 2.682082387996341 2.6820823879963402 2.6820823879963402 2.6820823879963402 2.6820823879963402 2.6820823879963402 2.6820823879963394 2.6820823879963394 2.6820823879963402 2.6820823879963394 2.6820823879963402 
2.698738919617818 2.6981459906445115 2.6974120990948443 2.6965138723858715 2.695429578538354 2.694142412075494 2.6926446846692382 2.690942356028506 2.6890588143172964 2.6870364347061937 2.684934568001637 2.6828234920379614 2.6820823879963687 2.6820823879963687 2.6820823879963687 2.6820823879963687 2.6820823879963687 2.682082387996341 2.6820823879963402 2.6820823879963402 2.6820823879963402 2.6820823879963402 2.6820823879963394 2.6820823879963394 2.6820823879963394 2.6820823879963402 2.6820823879963402 
2.7164851222404263 2.715440773547087 2.7141487004437552 2.7125681661986363 2.7106615339881186 2.708400102379784 2.7057715044890323 2.7027876414554974 2.699491192209786 2.695958091551544 2.6922936361095715 2.688621494957445 2.685067523913057 2.6820824026026067 2.6820823879963687 2.6820823879963687 2.6820823879963687 2.6820823879963687 2.682082387996341 2.6820823879963402 2.6820823879963402 2.6820823879963402 2.6820823879963402 2.6820823879963394 2.6820823879963402 2.6820823879963402 2.6820823879963402 
2.749741491291239 2.7478554668493436 2.74552451631656 2.742676908180023 2.739247356135836 2.7351877070880697 2.7304803027785844 2.7251520222672294 2.7192853520599947 2.7130217651638286 2.7065533789197174 2.7001020037557026 2.6938895077175165 2.688107462001444 2.6828946748122515 2.6820823879963687 2.6820823879963687 2.6820823879963687 2.6820823879963553 2.6820823879963402 2.682082387996341 2.6820823879963402 2.6820823879963402 2.6820823879963394 2.6820823879963402 2.6820823879963402 2.6820823879963402 
2.8144919430165753 2.8108792712453825 2.806426181167218 2.8010038079384803 2.794499224417728 2.7868362436942027 2.7780005096571356 2.7680645558799553 2.7572055651071183 2.7457071311254966 2.733938496633674 2.7223113799554772 2.711223516526756 2.7010045684832873 2.691879657612975 2.6839582974129623 2.6820823879963687 2.6820823879963687 2.6820823879963687 2.682082387996344 2.682082387996341 2.6820823879963402 2.6820823879963402 2.6820823879963402 2.6820823879963394 2.6820823879963402 2.6820823879963402 
2.955301721723435 2.9472261582181725 2.937356543850952 2.925461321515158 2.9113640932135576 2.8949883788305657 2.876405672566438 2.85587559013152 2.8338630548548593 2.811018342760156 2.7881139764144667 2.7659469945754367 2.745230059116471 2.7265015727325617 2.7100783029839377 2.6960571088468237 2.6843549542245473 2.6820823879963687 2.6820823879963687 2.6820823879963687 2.682082387996342 2.682082387996341 2.6820823879963402 2.6820823879963402 2.6820823879963402 2.6820823879963394 2.6820823879963402 
3.417388478798653 3.3815339186089384 3.3404116922765876 3.2942059209865873 3.243420931608785 3.1888925187501016 3.131762882970823 3.073418865521708 3.0153966225140856 2.9592586664785605 2.9064538357011234 2.8581785803488833 2.8152657337964637 2.778127345735336 2.746765961235128 2.720847567049475 2.6998107825219737 2.682980849493143 2.6820823879963687 2.6820823879963687 2.6820823879963465 2.682082387996341 2.6820823879963402 2.6820823879963402 2.6820823879963402 2.6820823879963402 2.6820823879963394 
7.329367623510265 7.308454390536076 7.279789504772933 7.239592458724409 7.181221179139193 7.091427100869705 6.937345273249282 6.586045138784941 4.129790430340433 3.527750618241189 3.2694505409854653 3.1032056136072006 2.9835931961215953 2.8937444272237345 2.8251439636979816 2.7725368009144447 2.7322208456352213 2.7013921965503114 2.6820823879963687 2.6820823879963687 2.6820823879963687 2.682082387996343 2.682082387996341 2.6820823879963402 2.6820823879963402 2.6820823879963402 2.6820823879963402 
7.645644317292896 7.639410498526321 7.6312051656924895 7.620339662049646 7.6058340526212 7.586251265355992 7.559396340783831 7.521723060105716 7.467022591647956 7.383012596216174 7.239817365171935 6.923770128801316 3.9252968792367247 3.2645564583494995 3.0289704690653663 2.892582455776285 2.803185771989545 2.741389683735899 2.697468147968782 2.6820823879963687 2.6820823879963687 2.6820823879963447 2.682082387996342 2.682082387996341 2.6820823879963402 2.6820823879963394 2.6820823879963394 
7.7659188603382 7.762930673618845 7.759031775783712 7.753928833518156 7.747222652210178 7.738361471036688 7.726567002701336 7.710711650522343 7.689102431572508 7.659071623220316 7.616122583976635 7.5518924948895485 7.448210571330983 7.2524286420298365 6.601104904748929 3.3172683052197725 2.9901080425371482 2.8347588130855614 2.7422869814904844 2.6824088566886504 2.6820823879963687 2.682082387996352 2.682082387996343 2.682082387996341 2.6820823879963402 2.6820823879963394 2.6820823879963394 
7.826730596559885 7.8250640981565525 7.822897435696818 7.820074916772438 7.816388480338638 7.811557296620988 7.805197390389968 7.79677488104639 7.785531059196388 7.770356345613486 7.749565136685975 7.720461871527995 7.678416929801253 7.614604980825314 7.5091613597239855 7.300792569908829 6.395921090381447 3.1308304357614354 2.855084721062777 2.7236199163103345 2.6820823879963687 2.6820823879963687 2.6820823879963456 2.682082387996342 2.6820823879963402 2.6820823879963394 2.6820823879963394 
7.860912912337309 7.859910338823994 7.858609196988428 7.856918154158744 7.854716271156543 7.851842241162728 7.84807889626158 7.843130315675692 7.836586934672041 7.8278703443285185 7.816141954205229 7.8001433828778906 7.777897976855325 7.7461018619702795 7.698726969526255 7.623222545086769 7.486874952353345 7.147471299756324 3.314727839620696 2.8364342677224457 2.6820823879963687 2.6820823879963687 2.6820823879963465 2.682082387996342 2.6820823879963402 2.6820823879963394 2.6820823879963394 
7.881241537067525 7.880609232463425 7.879789446447688 7.878725388338253 7.877342242817608 7.87554088212749 7.8731889914263204 7.870108270138015 7.866055489409766 7.8606935737122186 7.853545790611948 7.843919902125206 7.830775690399412 7.812477837844282 7.78629470273622 7.747261976451821 7.685164372801287 7.57422855356744 7.314992432719045 3.400458393565833 2.736785463357805 2.6820823879963687 2.6820823879963482 2.682082387996344 2.682082387996341 2.682082387996341 2.6820823879963394 
7.893781688451785 7.893369126905384 7.892834556431152 7.892141234812859 7.891240905740601 7.890069882569613 7.888543588291968 7.886548798202565 7.883932365019948 7.880484379191757 7.8759121900617055 7.86979875701018 7.861532746537952 7.85018453649392 7.834270756433993 7.811266657064233 7.77647248600362 7.7199053398072195 7.6152059251191515 7.3516780623342015 3.065189253980254 2.6820823879963687 2.6820823879963474 2.6820823879963456 2.682082387996343 2.682082387996343 2.682082387996341 
7.901733225287103 7.901456683268171 7.9010984898935455 7.900634145754165 7.900031534728026 7.899248374579342 7.8982286901431085 7.89689785003097 7.89515543546993 7.892864736611089 7.889836817192583 7.885805477427706 7.880386250594374 7.873005844976044 7.862773228186631 7.848225888939959 7.826780218348342 7.793376095416132 7.736436065126616 7.621317524618197 7.245894845450441 2.6820823879963687 2.682082387996342 2.682082387996341 2.682082387996342 2.682082387996342 2.682082387996342 
7.906893176375448 7.906703551246672 7.90645799550954 7.9061397663591295 7.905726942299626 7.905190707737726 7.904492991878885 7.903583166439158 7.902393336478591 7.900831466619854 7.898771065301084 7.896035186551852 7.892370637307484 7.887404435026067 7.880566127040465 7.870939513018304 7.856954414045438 7.835669849860151 7.800823866546184 7.736079297693693 7.578318435365739 2.6820823879963687 2.682082387996344 2.682082387996342 2.6820823879963402 2.6820823879963402 2.6820823879963402 
7.910312218372431 7.910179607650366 7.91000790947702 7.90978544098609 7.909496917857798 7.909122269570876 7.908635014165732 7.907999994475035 7.907170165981988 7.906081936281464 7.904648220998661 7.902747766752304 7.900208113838027 7.8967771904687885 7.892073407209593 7.8854922249835155 7.876016810686824 7.861792899451265 7.8390310795428135 7.798524140890651 7.709978490787528 7.095672100790413 2.6820823879963465 2.6820823879963465 2.6820823879963482 2.6820823879963482 2.6820823879963482 
7.912622334332401 7.912527987481613 7.912405844294236 7.912247605291909 7.912042418336795 7.911776042812189 7.911429705644794 7.9109785122988505 7.9103891996814415 7.909616889039286 7.908600271353579 7.907254247366385 7.905458264340478 7.903037031502865 7.899726981671604 7.8951142731942605 7.888511191636445 7.878684726048291 7.863177869405658 7.836265244385931 7.763490538214138 7.262813745339988 2.6820823879963385 2.6820823879963376 2.6820823879963376 2.6820823879963376 2.6820823879963376 
7.914212153019509 7.914144018770104 7.914055817221347 7.9139415609044255 7.9137934236696825 7.913601140581834 7.913351187845872 7.91302564588938 7.912600595325692 7.912043805570889 7.911311319134329 7.91034225089842 7.9090505856674636 7.90731169273908 7.90493903415752 7.90164147470995 7.896939094151368 7.889971936125265 7.877614730369457 7.856413750757942 7.7795428555067705 7.387694492632372 2.682082387996319 2.682082387996309 2.682082387996311 2.6820823879963154 2.682082387996319 
