7.927864905541757 7.927864905541757 7.927864905541757 7.927864905541757 7.927864905541757 7.927864905541757 7.927864905541757 7.927864905541757 7.927864905541757 7.927864905541757 7.927864905541757 7.927864905541757 7.927864905541757 7.927864905541757 7.927864905541757 7.927864905541757 7.927864905541757 7.927864905541757 7.927864905541757 7.927864905541757 7.927864905541757 7.927864905541757 7.927864905541757 7.927864905541757 7.927864905541757 7.927864905541757 7.927864905541757 
7.927864905541757 7.927864905541757 7.927864905541757 7.927864905541757 7.927864905541757 7.927864905541757 7.927864905541757 7.927864905541757 7.927864905541757 7.927864905541757 7.927864905541757 7.927864905541757 7.927864905541757 7.927864905541757 7.927864905541757 7.927864905541757 7.927864905541757 7.927864905541757 7.927864905541757 7.927864905541757 7.927864905541757 7.927864905541757 7.927864905541757 7.927864905541757 7.927864905541757 7.927864905541757 7.927864905541757 
7.927864905541757 7.927864905541757 7.927864905541757 7.927864905541757 7.927864905541757 7.927864905541757 7.927864905541757 7.927864905541757 7.927864905541757 7.927864905541757 7.927864905541757 7.927864905541757 7.927864905541757 7.927864905541757 7.927864905541757 7.927864905541757 7.927864905541757 7.927864905541757 7.927864905541757 7.927864905541757 7.927864905541757 7.927864905541757 7.927864905541757 7.927864905541757 7.927864905541757 7.927864905541757 7.927864905541757 
7.927864905541757 7.927864905541757 7.927864905541757 7.927864905541757 7.927864905541757 7.927864905541757 7.927864905541757 7.927864905541757 7.927864905541757 7.927864905541757 7.927864905541757 7.927864905541757 7.927864905541757 7.927864905541757 7.927864905541757 7.927864905541757 7.927864905541757 7.927864905541757 7.927864905541757 7.927864905541757 7.927864905541757 7.927864905541757 7.927864905541757 7.927864905541757 7.927864905541757 7.927864905541757 7.927864905541757 
7.927864905541757 7.927864905541757 7.927864905541757 7.927864905541757 7.927864905541757 7.927864905541757 7.927864905541757 7.927864905541757 7.927864905541757 7.927864905541757 7.927864905541757 7.927864905541757 7.927864905541757 7.927864905541757 7.927864905541757 7.927864905541757 7.927864905541757 7.927864905541757 7.927864905541757 7.927864905541757 7.927864905541757 7.927864905541757 7.927864905541757 7.927864905541757 7.927864905541757 7.927864905541757 7.927864905541757 
7.927864905541757 7.927864905541757 7.927864905541757 7.927864905541757 7.927864905541757 7.927864905541757 7.927864905541757 7.927864905541757 7.927864905541757 7.927864905541757 7.927864905541757 7.927864905541757 7.927864905541757 7.927864905541757 7.927864905541757 7.927864905541757 7.927864905541757 7.927864905541757 7.927864905541757 7.927864905541757 7.927864905541757 7.927864905541757 7.927864905541757 7.927864905541757 7.927864905541757 7.927864905541757 7.927864905541757 
7.927864905541757 7.927864905541757 7.927864905541757 7.927864905541757 7.927864905541757 7.927864905541757 7.927864905541757 7.927864905541757 7.927864905541757 7.927864905541757 7.927864905541757 7.927864905541757 7.927864905541757 7.927864905541757 7.927864905541757 7.927864905541757 7.927864905541757 7.927864905541757 7.927864905541757 7.927864905541757 7.927864905541757 7.927864905541757 7.927864905541757 7.927864905541757 7.927864905541757 7.927864905541757 7.927864905541757 
7.927864905541757 7.927864905541757 7.927864905541757 7.927864905541757 7.927864905541757 7.927864905541757 7.927864905541757 7.927864905541757 7.927864905541757 7.927864905541757 7.927864905541757 7.927864905541757 7.927864905541757 7.927864905541757 7.927864905541757 7.927864905541757 7.927864905541757 7.927864905541757 7.927864905541757 7.927864905541757 7.927864905541757 7.927864905541757 7.927864905541757 7.927864905541757 7.927864905541757 7.927864905541757 7.927864905541757 
7.927864905541757 7.927864905541757 7.927864905541757 7.927864905541757 7.927864905541757 7.927864905541757 7.927864905541757 7.927864905541757 7.927864905541757 7.927864905541757 7.927864905541757 7.927864905541757 7.927864905541757 7.927864905541757 7.927864905541757 7.927864905541757 7.927864905541757 7.927864905541757 7.927864905541757 7.927864905541757 7.927864905541757 7.927864905541757 7.927864905541757 7.927864905541757 7.927864905541757 7.927864905541757 7.927864905541757 
7.927864905541757 7.927864905541757 7.927864905541757 7.927864905541757 7.927864905541757 7.927864905541757 7.927864905541757 7.927864905541757 7.927864905541757 7.927864905541757 7.927864905541757 7.927864905541757 7.927864905541757 7.927864905541757 7.927864905541757 7.927864905541757 7.927864905541757 7.927864905541757 7.927864905541757 7.927864905541757 7.927864905541757 7.927864905541757 7.927864905541757 7.927864905541757 7.927864905541757 7.927864905541757 7.927864905541757 
7.927864905541757 7.927864905541757 7.927864905541757 7.927864905541757 7.927864905541757 7.927864905541757 7.927864905541757 7.927864905541757 7.927864905541757 7.927864905541757 7.927864905541757 7.927864905541757 7.927864905541757 7.927864905541757 7.927864905541757 7.927864905541757 7.927864905541757 7.927864905541757 7.927864905541757 7.927864905541757 7.927864905541757 7.927864905541757 7.927864905541757 7.927864905541757 7.927864905541757 7.927864905541757 7.927864905541757 
7.927864905541757 7.927864905541757 7.927864905541757 7.927864905541757 7.927864905541757 7.927864905541757 7.927864905541757 7.927864905541757 7.927864905541757 7.927864905541757 7.927864905541757 7.927864905541757 7.927864905541757 7.927864905541757 7.927864905541757 7.927864905541757 7.927864905541757 7.927864905541757 7.927864905541757 7.927864905541757 7.927864905541757 7.927864905541757 7.927864905541757 7.927864905541757 7.927864905541757 7.927864905541757 7.927864905541757 
7.927864905541757 7.927864905541757 7.927864905541757 7.927864905541757 7.927864905541757 7.927864905541757 7.927864905541757 7.927864905541757 7.927864905541757 7.927864905541757 7.927864905541757 7.927864905541757 7.927864905541757 7.927864905541757 7.927864905541757 7.927864905541757 7.927864905541757 7.927864905541757 7.927864905541757 7.927864905541757 7.927864905541757 7.927864905541757 7.927864905541757 7.927864905541757 7.927864905541757 7.927864905541757 7.927864905541757 
7.927864905541757 7.927864905541757 7.927864905541757 7.927864905541757 7.927864905541757 7.927864905541757 7.927864905541757 7.927864905541757 7.927864905541757 7.927864905541757 7.927864905541757 7.927864905541757 7.927864905541757 7.927864905541757 7.927864905541757 7.927864905541757 7.927864905541757 7.927864905541757 7.927864905541757 7.927864905541757 7.927864905541757 7.927864905541757 7.927864905541757 7.927864905541757 7.927864905541757 7.927864905541757 7.927864905541757 
7.927864905541755 7.927864905541755 7.927864905541755 7.927864905541755 7.927864905541756 7.927864905541757 7.927864905541757 7.927864905541757 7.927864905541757 7.927864905541757 7.927864905541757 7.927864905541757 7.927864905541757 7.927864905541757 7.927864905541757 7.927864905541757 7.927864905541757 7.927864905541757 7.927864905541757 7.927864905541757 7.927864905541757 7.927864905541757 7.927864905541757 7.927864905541757 7.927864905541757 7.927864905541757 7.927864905541757 
7.927864905541755 7.927864905541755 7.927864905541755 7.927864905541755 7.927864905541755 7.927864905541755 7.927864905541755 7.927864905541755 7.927864905541755 7.927864905541757 7.927864905541757 7.927864905541757 7.927864905541757 7.927864905541757 7.927864905541757 7.927864905541757 7.927864905541757 7.927864905541757 7.927864905541757 7.927864905541757 7.927864905541757 7.927864905541757 7.927864905541757 7.927864905541757 7.927864905541757 7.927864905541757 7.927864905541757 
7.927864905541755 7.927864905541755 7.927864905541755 7.927864905541755 7.927864905541755 7.927864905541755 7.927864905541755 7.927864905541755 7.927864905541755 7.927864905541755 7.927864905541755 7.927864905541756 7.927864905541757 7.927864905541757 7.927864905541757 7.927864905541757 7.927864905541757 7.927864905541757 7.927864905541757 7.927864905541757 7.927864905541757 7.927864905541757 7.927864905541757 7.927864905541757 7.927864905541757 7.927864905541757 7.927864905541757 
7.927734317254987 7.927760393030623 7.927794529226061 7.927839181045852 7.927864904391242 7.927864905541755 7.927864905541755 7.927864905541755 7.927864905541755 7.927864905541755 7.927864905541755 7.927864905541755 7.927864905541755 7.927864905541756 7.927864905541757 7.927864905541757 7.927864905541757 7.927864905541757 7.927864905541757 7.927864905541757 7.927864905541757 7.927864905541757 7.927864905541757 7.927864905541757 7.927864905541757 7.927864905541757 7.927864905541757 
7.927051035325086 7.927082266013488 7.927123902029914 7.9271794700982 7.927253535715179 7.927351796439294 7.927480983714528 7.92764842626896 7.9278576955847315 7.927864905541755 7.927864905541755 7.927864905541755 7.927864905541755 7.927864905541755 7.927864905541755 7.927864905541757 7.927864905541757 7.927864905541757 7.927864905541757 7.927864905541757 7.927864905541757 7.927864905541757 7.927864905541757 7.927864905541757 7.927864905541757 7.927864905541757 7.927864905541757 
7.925742802676551 7.925779014275586 7.925828632403833 7.925896782426269 7.925990304848397 7.926117986798003 7.92629050787107 7.926519849304186 7.926817921548278 7.927194330176981 7.927653566332828 7.927864905541755 7.927864905541755 7.927864905541755 7.927864905541755 7.927864905541755 7.927864905541757 7.927864905541757 7.927864905541757 7.927864905541757 7.927864905541757 7.927864905541757 7.927864905541757 7.927864905541757 7.927864905541757 7.927864905541757 7.927864905541757 
7.92335241519425 7.923392211810714 7.92344920625707 7.923530939220928 7.923647781708414 7.923813422078417 7.9240449244081255 7.924361932333586 7.924784581459572 7.92532993392367 7.926007345416127 7.926813970647936 7.92773214856387 7.927864905541755 7.927864905541755 7.927864905541755 7.927864905541755 7.927864905541757 7.927864905541757 7.927864905541757 7.927864905541757 7.927864905541757 7.927864905541757 7.927864905541757 7.927864905541757 7.927864905541757 7.927864905541757 
7.919122042265737 7.919161609608668 7.919223027713999 7.919317486899221 7.919460835336025 7.91967452914429 7.919985941108471 7.920427310372089 7.921032562948314 7.921831609460174 7.92284269691692 7.924064740347479 7.925472534228841 7.9270174063331815 7.927864905541755 7.927864905541755 7.927864905541755 7.927864905541755 7.927864905541757 7.927864905541757 7.927864905541757 7.927864905541757 7.927864905541757 7.927864905541757 7.927864905541757 7.927864905541757 7.927864905541757 
7.911821277489534 7.911852227918998 7.911910373920875 7.912012356576746 7.912182435564555 7.912454269383816 7.912871753913359 7.913487719584527 7.9143591379422995 7.915538035846127 7.917058881222914 7.918925493314171 7.921102310514972 7.923514489300099 7.92605821429141 7.927864905541755 7.927864905541755 7.927864905541755 7.927864905541755 7.927864905541757 7.927864905541757 7.927864905541757 7.927864905541757 7.927864905541757 7.927864905541757 7.927864905541757 7.927864905541757 
7.899511594536513 7.8995171920369796 7.899555160757845 7.8996500308139845 7.89983864823835 7.900173434161174 7.900724327143339 7.901577427974251 7.902827991047341 7.9045661390282715 7.90685615467514 7.9097140882262815 7.91309172628885 7.9168748221436775 7.920898577993514 7.924975960939769 7.927864905541755 7.927864905541755 7.927864905541755 7.927864905541757 7.927864905541757 7.927864905541757 7.927864905541757 7.927864905541757 7.927864905541757 7.927864905541757 7.927864905541757 
7.879276379167011 7.879225325685266 7.879209104661714 7.879262929876759 7.8794415063118315 7.879824899274741 7.8805227585338296 7.881673703256406 7.8834357779303685 7.885964672688012 7.889380149524051 7.893727668664688 7.898948500229376 7.904872496315466 7.911240171999355 7.917748030455285 7.924101190472803 7.927864905541755 7.927864905541755 7.927864905541755 7.927864905541757 7.927864905541757 7.927864905541757 7.927864905541757 7.927864905541757 7.927864905541757 7.927864905541757 
7.847007964984367 7.846853539307774 7.846725461612699 7.846672138000404 7.8467715402503 7.847141608744898 7.847949116057105 7.849412088265535 7.851788831337309 7.855346840518896 7.860309972641429 7.866793017710791 7.874744993140633 7.883926944641999 7.893939538104349 7.90429386808017 7.914499719062413 7.92414134592462 7.927864905541755 7.927864905541755 7.927864905541757 7.927864905541757 7.927864905541757 7.927864905541757 7.927864905541757 7.927864905541757 7.927864905541757 
7.598692689297964 7.606992243007432 7.617506938564327 7.630761491143078 7.647368104391637 7.668022262433411 7.693488573488534 7.724574685226564 7.762091992772867 7.80589928890196 7.813570766583284 7.822860501691443 7.834602085666816 7.8485070756864825 7.863992798454836 7.880288872592818 7.896584148542878 7.912162405578135 7.926489010595397 7.927864905541755 7.927864905541755 7.927864905541757 7.927864905541757 7.927864905541757 7.927864905541757 7.927864905541757 7.927864905541757 
7.265314295410054 7.276518526757969 7.290605551966386 7.308198789888124 7.329995200120047 7.356745108269067 7.3892194138132155 7.428165708750441 7.474259012981744 7.5280572487478565 7.589974440610034 7.6602842010045915 7.7391576899908845 7.790599945774375 7.813806632518962 7.8388811326965415 7.8645173266120025 7.889485694951348 7.912811575270643 7.927864905541755 7.927864905541755 7.927864905541757 7.927864905541757 7.927864905541757 7.927864905541757 7.927864905541757 7.927864905541757 
6.723387030383339 6.747808164003359 6.777506713384153 6.813180099276233 6.855448314403851 6.904799185326006 6.961543940209169 7.025794550196593 7.097470582722202 7.176336808326667 7.262066379179647 7.354321045752274 7.4528411727018895 7.5575441367145775 7.668638891027966 7.769780851640336 7.80899180895541 7.84829432240125 7.885952861657394 7.920691667087386 7.927864905541755 7.927864905541757 7.927864905541757 7.927864905541757 7.927864905541757 7.927864905541757 7.927864905541757 
3.025153605738849 3.061228277620403 3.1113710531936825 3.183475430713284 3.293436156448351 3.4823002730342694 3.9435462932257703 5.74142402767955 6.248235821834771 6.527866255484941 6.738405636040721 6.916596354708663 7.077186223752703 7.227847447712469 7.373399589374732 7.517477540201384 7.663436298222817 7.77580923957886 7.835360191158045 7.892396055359759 7.927864905541755 7.927864905541755 7.927864905541757 7.927864905541757 7.927864905541757 7.927864905541757 7.927864905541757 
2.3600025882713602 2.372064684171571 2.387795373408246 2.408379488376813 2.4354435754621893 2.4712781112403333 2.5192359338807524 2.5845296604959573 2.6760754587103603 2.811710934401191 3.0387819707387766 3.6199140733729607 6.2198633309264135 6.688462321644474 6.9662489653025705 7.184179021778215 7.376412162874467 7.558723870449832 7.741887454149595 7.834321262790971 7.925157400341385 7.927864905541755 7.927864905541757 7.927864905541757 7.927864905541757 7.927864905541757 7.927864905541757 
1.9907181269301821 1.9985737762244096 2.008756322476952 2.0219665139459977 2.0391229712276004 2.061434869931544 2.0905045125383905 2.128480775258465 2.178311198200994 2.244212487878877 2.3326897793269703 2.4551500052863835 2.636314956837295 2.9556133454731324 5.250129465267394 6.617196308336684 6.988926978009723 7.252943370964683 7.482074025116569 7.7058914936667415 7.870762258242634 7.927864905541755 7.927864905541758 7.927864905541757 7.927864905541757 7.927864905541757 7.927864905541757 
1.695532460127585 1.7012594976045738 1.7086999187772216 1.718376617479131 1.7309748799906268 1.747391496895605 1.7687961941405819 1.796707214290974 1.8330852953691688 1.8804607982218284 1.9421420680950385 2.0226462819900286 2.1287564984991825 2.272475942201866 2.4810915436110363 2.851277926024359 5.889146354898033 6.794712552723446 7.1625327882940555 7.449015668417735 7.726688750566583 7.927864905541755 7.927864905541758 7.927864905541757 7.927864905541757 7.927864905541757 7.927864905541757 
1.4322236278163682 1.4362897441588114 1.441612783794807 1.4485997885843824 1.457796157481246 1.4699319331298453 1.4859794573271436 1.5072205526346583 1.5353173820981105 1.572377745169474 1.6210100049732663 1.6843912146487012 1.7664531429805725 1.8724823151901973 2.0109300339073206 2.1990782965941253 2.4862276555480634 3.1893645868077556 6.63600041012925 7.131404666070526 7.483665597949912 7.927864905541755 7.927864905541757 7.927864905541757 7.927864905541757 7.927864905541757 7.927864905541757 
1.1858355079646028 1.1883368017327456 1.1916620683213175 1.1961085762390908 1.2020915171629785 1.2101920218147324 1.2212211576859868 1.2362998890433037 1.2569486127310174 1.2851688682102758 1.3234873978507595 1.374932424674106 1.4429518015778369 1.531396795015029 1.6449111400905467 1.7904835905171845 1.9822961141493973 2.2598305033727373 2.827276970672653 6.599472073853404 7.193316549811913 7.927864905506242 7.927864905541758 7.927864905541758 7.927864905541757 7.927864905541757 7.927864905541757 
0.963918284938142 0.9650012710531186 0.966396599246778 0.9681930944022721 0.9705040220355787 0.9734732849483265 0.9772828541942964 0.9821614637341618 0.9886947358143789 1.007101979188585 1.034337290007615 1.073407641678294 1.1281762171837713 1.2027663508952742 1.3012721748194043 1.4280265547554167 1.5893765828055662 1.799258695571254 2.0997344356455585 2.7337745823576984 6.759625640728304 7.607342884199511 7.927864905541757 7.927864905541757 7.927864905541758 7.927864905541758 7.927864905541757 
0.7573374930557542 0.7584185320727261 0.7598113444537589 0.7616045885781517 0.763911314447931 0.7668751457388314 0.7706776916967701 0.7755472168082669 0.7817684368123476 0.7896930432130738 0.799750157045704 0.8124553713986593 0.8284164148644155 0.8696321066466304 0.9521364720551073 1.0642632070478832 1.2101431215616163 1.39600115103278 1.6382953994849796 1.995826878605027 3.081309839284378 7.193093178449319 7.927864905541738 7.927864905541758 7.927864905541758 7.927864905541757 7.927864905541756 
