7.97812437855884 7.97812437855884 7.97812437855884 7.97812437855884 7.97812437855884 7.97812437855884 7.97812437855884 7.97812437855884 7.97812437855884 7.97812437855884 7.97812437855884 7.97812437855884 7.97812437855884 7.97812437855884 7.97812437855884 7.97812437855884 7.97812437855884 7.97812437855884 7.97812437855884 7.97812437855884 7.97812437855884 7.97812437855884 7.97812437855884 7.97812437855884 7.97812437855884 7.97812437855884 7.97812437855884 
7.97812437855884 7.97812437855884 7.97812437855884 7.97812437855884 7.97812437855884 7.97812437855884 7.97812437855884 7.97812437855884 7.97812437855884 7.97812437855884 7.97812437855884 7.97812437855884 7.97812437855884 7.97812437855884 7.97812437855884 7.97812437855884 7.97812437855884 7.97812437855884 7.97812437855884 7.97812437855884 7.97812437855884 7.97812437855884 7.97812437855884 7.97812437855884 7.97812437855884 7.97812437855884 7.97812437855884 
7.97812437855884 7.97812437855884 7.97812437855884 7.97812437855884 7.97812437855884 7.97812437855884 7.97812437855884 7.97812437855884 7.97812437855884 7.97812437855884 7.97812437855884 7.97812437855884 7.97812437855884 7.97812437855884 7.97812437855884 7.97812437855884 7.97812437855884 7.97812437855884 7.97812437855884 7.97812437855884 7.97812437855884 7.97812437855884 7.97812437855884 7.97812437855884 7.97812437855884 7.97812437855884 7.97812437855884 
7.97812437855884 7.97812437855884 7.97812437855884 7.97812437855884 7.97812437855884 7.97812437855884 7.97812437855884 7.97812437855884 7.97812437855884 7.97812437855884 7.97812437855884 7.97812437855884 7.97812437855884 7.97812437855884 7.97812437855884 7.97812437855884 7.97812437855884 7.97812437855884 7.97812437855884 7.97812437855884 7.97812437855884 7.97812437855884 7.97812437855884 7.97812437855884 7.97812437855884 7.97812437855884 7.97812437855884 
7.97812437855884 7.97812437855884 7.97812437855884 7.97812437855884 7.97812437855884 7.97812437855884 7.97812437855884 7.97812437855884 7.97812437855884 7.97812437855884 7.97812437855884 7.97812437855884 7.97812437855884 7.97812437855884 7.97812437855884 7.97812437855884 7.97812437855884 7.97812437855884 7.97812437855884 7.97812437855884 7.97812437855884 7.97812437855884 7.97812437855884 7.97812437855884 7.97812437855884 7.97812437855884 7.97812437855884 
7.97812437855884 7.97812437855884 7.97812437855884 7.97812437855884 7.97812437855884 7.97812437855884 7.97812437855884 7.97812437855884 7.97812437855884 7.97812437855884 7.97812437855884 7.97812437855884 7.97812437855884 7.97812437855884 7.97812437855884 7.97812437855884 7.97812437855884 7.97812437855884 7.97812437855884 7.97812437855884 7.97812437855884 7.97812437855884 7.97812437855884 7.97812437855884 7.97812437855884 7.97812437855884 7.97812437855884 
7.97812437855884 7.97812437855884 7.97812437855884 7.97812437855884 7.97812437855884 7.97812437855884 7.97812437855884 7.97812437855884 7.97812437855884 7.97812437855884 7.97812437855884 7.97812437855884 7.97812437855884 7.97812437855884 7.97812437855884 7.97812437855884 7.97812437855884 7.97812437855884 7.97812437855884 7.97812437855884 7.97812437855884 7.97812437855884 7.97812437855884 7.97812437855884 7.97812437855884 7.97812437855884 7.97812437855884 
7.97812437855884 7.97812437855884 7.97812437855884 7.97812437855884 7.97812437855884 7.97812437855884 7.97812437855884 7.97812437855884 7.97812437855884 7.97812437855884 7.97812437855884 7.97812437855884 7.97812437855884 7.97812437855884 7.97812437855884 7.97812437855884 7.97812437855884 7.97812437855884 7.97812437855884 7.97812437855884 7.97812437855884 7.97812437855884 7.97812437855884 7.97812437855884 7.97812437855884 7.97812437855884 7.97812437855884 
7.97812437855884 7.97812437855884 7.97812437855884 7.97812437855884 7.97812437855884 7.97812437855884 7.97812437855884 7.97812437855884 7.97812437855884 7.97812437855884 7.97812437855884 7.97812437855884 7.97812437855884 7.97812437855884 7.97812437855884 7.97812437855884 7.97812437855884 7.97812437855884 7.97812437855884 7.97812437855884 7.97812437855884 7.97812437855884 7.97812437855884 7.97812437855884 7.97812437855884 7.97812437855884 7.97812437855884 
7.97812437855884 7.97812437855884 7.97812437855884 7.97812437855884 7.97812437855884 7.97812437855884 7.97812437855884 7.97812437855884 7.97812437855884 7.97812437855884 7.97812437855884 7.97812437855884 7.97812437855884 7.97812437855884 7.97812437855884 7.97812437855884 7.97812437855884 7.97812437855884 7.97812437855884 7.97812437855884 7.97812437855884 7.97812437855884 7.97812437855884 7.97812437855884 7.97812437855884 7.97812437855884 7.97812437855884 
7.97812437855884 7.97812437855884 7.97812437855884 7.97812437855884 7.97812437855884 7.97812437855884 7.97812437855884 7.97812437855884 7.97812437855884 7.97812437855884 7.97812437855884 7.97812437855884 7.97812437855884 7.97812437855884 7.97812437855884 7.97812437855884 7.97812437855884 7.97812437855884 7.97812437855884 7.97812437855884 7.97812437855884 7.97812437855884 7.97812437855884 7.97812437855884 7.97812437855884 7.97812437855884 7.97812437855884 
7.97812437855884 7.97812437855884 7.97812437855884 7.97812437855884 7.97812437855884 7.97812437855884 7.97812437855884 7.97812437855884 7.97812437855884 7.97812437855884 7.97812437855884 7.97812437855884 7.97812437855884 7.97812437855884 7.97812437855884 7.97812437855884 7.97812437855884 7.97812437855884 7.97812437855884 7.97812437855884 7.97812437855884 7.97812437855884 7.97812437855884 7.97812437855884 7.97812437855884 7.97812437855884 7.97812437855884 
7.97812437855884 7.97812437855884 7.97812437855884 7.97812437855884 7.97812437855884 7.97812437855884 7.97812437855884 7.97812437855884 7.97812437855884 7.97812437855884 7.97812437855884 7.97812437855884 7.97812437855884 7.97812437855884 7.97812437855884 7.97812437855884 7.97812437855884 7.97812437855884 7.97812437855884 7.97812437855884 7.97812437855884 7.97812437855884 7.97812437855884 7.97812437855884 7.97812437855884 7.97812437855884 7.97812437855884 
7.978124378558839 7.978124378558839 7.97812437855884 7.97812437855884 7.97812437855884 7.97812437855884 7.97812437855884 7.97812437855884 7.97812437855884 7.97812437855884 7.97812437855884 7.97812437855884 7.97812437855884 7.97812437855884 7.97812437855884 7.97812437855884 7.97812437855884 7.97812437855884 7.97812437855884 7.97812437855884 7.97812437855884 7.97812437855884 7.97812437855884 7.97812437855884 7.97812437855884 7.97812437855884 7.97812437855884 
7.978124378558871 7.978124378558871 7.978124378558871 7.978124378558871 7.978124378558871 7.978124378558871 7.978124378558871 7.97812437855886 7.97812437855884 7.97812437855884 7.97812437855884 7.97812437855884 7.97812437855884 7.97812437855884 7.97812437855884 7.97812437855884 7.97812437855884 7.97812437855884 7.97812437855884 7.97812437855884 7.97812437855884 7.97812437855884 7.97812437855884 7.97812437855884 7.97812437855884 7.97812437855884 7.97812437855884 
7.978124378558871 7.978124378558871 7.978124378558871 7.978124378558871 7.978124378558871 7.978124378558871 7.978124378558871 7.978124378558871 7.978124378558871 7.978124378558871 7.978124378558869 7.97812437855884 7.97812437855884 7.97812437855884 7.97812437855884 7.97812437855884 7.97812437855884 7.97812437855884 7.97812437855884 7.97812437855884 7.97812437855884 7.97812437855884 7.97812437855884 7.97812437855884 7.97812437855884 7.97812437855884 7.97812437855884 
7.978124378558871 7.978124378558871 7.978124378558871 7.978124378558871 7.978124378558871 7.978124378558871 7.978124378558871 7.978124378558871 7.978124378558871 7.978124378558871 7.978124378558871 7.978124378558871 7.978124378558871 7.97812437855884 7.97812437855884 7.97812437855884 7.97812437855884 7.97812437855884 7.97812437855884 7.97812437855884 7.97812437855884 7.97812437855884 7.97812437855884 7.97812437855884 7.97812437855884 7.97812437855884 7.97812437855884 
7.977773005578528 7.977799116064761 7.9778334847451084 7.977878720963251 7.977938137013268 7.978015787703534 7.97811541172304 7.978124378558871 7.978124378558871 7.978124378558871 7.978124378558871 7.978124378558871 7.978124378558871 7.978124378558871 7.978124378558839 7.97812437855884 7.97812437855884 7.97812437855884 7.97812437855884 7.97812437855884 7.97812437855884 7.97812437855884 7.97812437855884 7.97812437855884 7.97812437855884 7.97812437855884 7.97812437855884 
7.976926164858072 7.976957481283416 7.976999535438792 7.977056099949786 7.977132107211716 7.977233773137217 7.977368515605324 7.977544501660411 7.97776966710602 7.978050168549011 7.978124378558871 7.978124378558871 7.978124378558871 7.978124378558871 7.978124378558871 7.978124378558851 7.97812437855884 7.97812437855884 7.97812437855884 7.97812437855884 7.97812437855884 7.97812437855884 7.97812437855884 7.97812437855884 7.97812437855884 7.97812437855884 7.97812437855884 
7.975342219487206 7.975378597080617 7.9754289313672615 7.975498752166941 7.975595503873033 7.975728827870575 7.975910537084301 7.97615400022124 7.976472654290497 7.976877541286209 7.977374170287821 7.977959535226042 7.978124378558871 7.978124378558871 7.978124378558871 7.978124378558871 7.978124378558864 7.97812437855884 7.97812437855884 7.97812437855884 7.97812437855884 7.97812437855884 7.97812437855884 7.97812437855884 7.97812437855884 7.97812437855884 7.97812437855884 
7.97249133858247 7.972531410550238 7.9725895726815414 7.972674023414882 7.9727961184228775 7.972970943484892 7.97321742395611 7.97355749323147 7.974013821881741 7.97460587848873 7.975344753528045 7.976228073350232 7.977236954119654 7.978124378554519 7.978124378558871 7.978124378558871 7.978124378558871 7.9781243785588565 7.97812437855884 7.97812437855884 7.97812437855884 7.97812437855884 7.97812437855884 7.97812437855884 7.97812437855884 7.97812437855884 7.97812437855884 
7.967500549394333 7.967540500593239 7.9676037071547245 7.967702409125348 7.967854034736177 7.96808229647106 7.968417594297663 7.9688959237822985 7.969555414895735 7.970430030038733 7.971541021752792 7.972888267359451 7.974444725373769 7.976156934407157 7.97795234876886 7.978124378558871 7.978124378558871 7.978124378558871 7.978124378558838 7.97812437855884 7.97812437855884 7.97812437855884 7.97812437855884 7.97812437855884 7.97812437855884 7.97812437855884 7.97812437855884 
7.958963689545235 7.958995018657541 7.959055651096847 7.959163850903726 7.959346344861547 7.959640353223809 7.9600946103573875 7.960768039448572 7.961724554953477 7.963023042871133 7.964703290542563 7.96677120783013 7.9691887420206875 7.971873587898925 7.974710396399559 7.977570282400088 7.978124378558871 7.978124378558871 7.978124378558871 7.97812437855884 7.97812437855884 7.97812437855884 7.97812437855884 7.97812437855884 7.97812437855884 7.97812437855884 7.97812437855884 
7.944690808206208 7.944696369476471 7.944737219555469 7.944840265139075 7.945046027227904 7.945412331887097 7.9460166150076 7.94695464933337 7.948333037484199 7.950253555908194 7.95279013141705 7.955963581491467 7.959723086045003 7.963943413710511 7.968441578872301 7.973008262186818 7.9774431855468615 7.978124378558871 7.978124378558871 7.978124378558871 7.97812437855884 7.97812437855884 7.97812437855884 7.97812437855884 7.97812437855884 7.97812437855884 7.97812437855884 
7.921445333775535 7.921392811208326 7.921378608234936 7.9214411032895224 7.921640042099445 7.922063140106539 7.922831032314122 7.924097075860349 7.9260374215044695 7.928827466883416 7.932604795830456 7.937425991987983 7.943232023909918 7.949838409434286 7.956958341224513 7.96425266380366 7.971389059287744 7.978064306271197 7.978124378558871 7.978124378558871 7.978124378558839 7.97812437855884 7.97812437855884 7.97812437855884 7.97812437855884 7.97812437855884 7.97812437855884 
7.884824140779141 7.884656931179754 7.8845213299057395 7.884468709752738 7.884582572581533 7.88499007782938 7.885872262999381 7.887467701976723 7.890061911455895 7.893954678201114 7.899402634935699 7.906546141760494 7.9153436213532995 7.925542722709328 7.936707119165277 7.948293386253644 7.959749864000384 7.970603442237769 7.978124378558871 7.978124378558871 7.978124378558871 7.97812437855884 7.97812437855884 7.97812437855884 7.97812437855884 7.97812437855884 7.97812437855884 
7.8295803466732545 7.829209448606561 7.828841190683418 7.828536896204009 7.82840285248522 7.828609478822718 7.829411196836768 7.831160011765114 7.8343008467383815 7.839333675290677 7.846731909493567 7.856823297514264 7.869665881141406 7.884971063912275 7.9021174554161995 7.9202595923407 7.93849013017945 7.955994864093757 7.972155388156309 7.978124378558871 7.978124378558871 7.97812437855884 7.97812437855884 7.97812437855884 7.97812437855884 7.97812437855884 7.97812437855884 
7.7506992865180795 7.750006779142859 7.7492491699343145 7.7484858619984465 7.7478323731060925 7.747489408480637 7.747777656319357 7.749171128601731 7.752313364819006 7.757991556709591 7.767041386983245 7.78017238439872 7.797746152578656 7.819590027243121 7.844942764876047 7.872576100848695 7.90104536507762 7.928963864455489 7.955207128681292 7.9781242142772655 7.978124378558871 7.978124378558838 7.97812437855884 7.97812437855884 7.97812437855884 7.97812437855884 7.97812437855884 
7.645105464850823 7.643972180393041 7.642656125758327 7.641192829528925 7.639676692403123 7.638299081248922 7.63740022218869 7.637531330334621 7.6395126278570675 7.644455491860411 7.653698758706366 7.668608994503785 7.690240163405206 7.718945136586791 7.7541198556923625 7.794238293767153 7.837180964721827 7.880696022204149 7.922796768500171 7.9619880700757175 7.978124378558871 7.978124378558871 7.978124378558839 7.97812437855884 7.97812437855884 7.97812437855884 7.97812437855884 
7.480153755451073 7.4812079656409445 7.482566115577218 7.484314571934242 7.4865634196278545 7.489452444029077 7.493158282359151 7.496509805389581 7.495734786125409 7.497717413934209 7.504286833648882 7.517660451134501 7.540075430912497 7.573159245208521 7.6172645808933135 7.671144238973152 7.73220195569178 7.797179854611913 7.862898977274352 7.926752201533096 7.978124378558871 7.978124378558871 7.978124378558839 7.97812437855884 7.97812437855884 7.97812437855884 7.97812437855884 
7.27544680263743 7.276509690993328 7.277879052453775 7.279641994461363 7.28190956012283 7.284822774785907 7.28855988125386 7.293344778393447 7.299456513898047 7.307239409024059 7.317112982326801 7.32958028441551 7.346908780313987 7.377660966080091 7.424895170722783 7.4890914829975 7.568196591933714 7.658399711555477 7.755506995263646 7.856146357839846 7.958505711855549 7.978124378558871 7.978124378558839 7.97812437855884 7.97812437855884 7.97812437855884 7.97812437855884 
7.072759908016391 7.073828067635242 7.075204239413354 7.076975980989317 7.0792549179149855 7.082182829456796 7.085938934919751 7.090748399018582 7.096891912132834 7.104715930169526 7.1146427505751815 7.127179049826347 7.142920865417872 7.162552432107326 7.186836094515442 7.239568719797839 7.329077576656892 7.441488085255301 7.572254530443008 7.7188344750479265 7.885822755139335 7.978124378558871 7.978124378558852 7.978124378558839 7.97812437855884 7.97812437855884 7.97812437855884 
6.873304998515254 6.874376343314816 6.875756630345139 6.8775336893657615 6.879819498028571 6.882756291428061 6.886523879388472 6.891348192312112 6.897510914530248 6.9053597941175155 6.915318811571742 6.927896840920024 6.943692798045392 6.963394703190036 6.987769905450126 7.01764440139563 7.0538712381173125 7.130094455249472 7.331838477555129 7.4722381660526755 7.706703185724155 7.978124378558871 7.978124378558866 7.978124378558839 7.97812437855884 7.97812437855884 7.97812437855884 
6.678111581488654 6.679184844877504 6.680567610757806 6.682347872832889 6.684637820898111 6.6875799647135 6.691354469970637 6.6961877285715925 6.702362024045167 6.710225883637368 6.720204303048185 6.732807482402953 6.748636075465543 6.768380389619036 6.792810800290621 6.853991922971056 7.121154611950869 7.291270496624937 7.428361907389969 7.518010913095267 7.552034957660236 7.978124378558871 7.978124378558867 7.978124378558839 7.97812437855884 7.97812437855884 7.97812437855884 
6.488070728590193 6.489145145441169 6.49052940162623 6.492311589423863 6.494604026191221 6.4975493868536525 6.5013280511124805 6.506166688429513 6.512347942751216 6.5202208100667 6.530210896932601 6.54282920160071 6.558677424136334 6.57844873214577 6.739072496079863 6.936735391736622 7.228112540956187 7.290875462238908 7.46019136970231 7.516340416833012 7.602426129582583 7.611301156502333 7.978124378558871 7.978124378558839 7.978124378558839 7.97812437855884 7.97812437855884 
6.3039357176456035 6.305010827168386 6.306395978308812 6.308179322545454 6.310473253845689 6.313420546332006 6.317201708243952 6.322043575759942 6.328229009327201 6.336107286531549 6.346104380943971 6.358731770418496 6.39022175845259 6.555257660313086 6.731276608023978 6.990999880601701 7.279468051855181 7.36781702050538 7.453687721062924 7.529502516682799 7.6302289766116935 7.6394893461287 7.978124378558871 7.978124378558839 7.978124378558839 7.97812437855884 7.97812437855884 
6.126295954338024 6.127371479535024 6.128757167742124 6.1305412059655495 6.132836034149345 6.135784485949072 6.139567146748371 6.144410952786368 6.150598894456031 6.1584804183696775 6.168481718411273 6.204597792317497 6.34593989770042 6.49854618202548 6.7048933965229685 7.1646934357772425 7.351631095743423 7.295042139748755 7.39449417376137 7.553653608340297 7.596112859846256 7.657312134842888 7.978124378558871 7.978124378558839 7.978124378558839 7.978124378558839 7.978124378558839 
