7.983111949374311 7.983111949374311 7.983111949374311 7.983111949374311 7.983111949374311 7.983111949374311 7.983111949374311 7.983111949374311 7.983111949374311 7.983111949374311 7.983111949374311 7.983111949374311 7.983111949374311 7.983111949374311 7.983111949374311 7.983111949374311 7.983111949374311 7.983111949374311 7.983111949374311 7.983111949374311 7.983111949374311 7.983111949374311 7.983111949374311 7.983111949374311 7.983111949374311 7.983111949374311 7.983111949374311 
7.983111949374311 7.983111949374311 7.983111949374311 7.983111949374311 7.983111949374311 7.983111949374311 7.983111949374311 7.983111949374311 7.983111949374311 7.983111949374311 7.983111949374311 7.983111949374311 7.983111949374311 7.983111949374311 7.983111949374311 7.983111949374311 7.983111949374311 7.983111949374311 7.983111949374311 7.983111949374311 7.983111949374311 7.983111949374311 7.983111949374311 7.983111949374311 7.983111949374311 7.983111949374311 7.983111949374311 
7.983111949374311 7.983111949374311 7.983111949374311 7.983111949374311 7.983111949374311 7.983111949374311 7.983111949374311 7.983111949374311 7.983111949374311 7.983111949374311 7.983111949374311 7.983111949374311 7.983111949374311 7.983111949374311 7.983111949374311 7.983111949374311 7.983111949374311 7.983111949374311 7.983111949374311 7.983111949374311 7.983111949374311 7.983111949374311 7.983111949374311 7.983111949374311 7.983111949374311 7.983111949374311 7.983111949374311 
7.983111949374311 7.983111949374311 7.983111949374311 7.983111949374311 7.983111949374311 7.983111949374311 7.983111949374311 7.983111949374311 7.983111949374311 7.983111949374311 7.983111949374311 7.983111949374311 7.983111949374311 7.983111949374311 7.983111949374311 7.983111949374311 7.983111949374311 7.983111949374311 7.983111949374311 7.983111949374311 7.983111949374311 7.983111949374311 7.983111949374311 7.983111949374311 7.983111949374311 7.983111949374311 7.983111949374311 
7.983111949374311 7.983111949374311 7.983111949374311 7.983111949374311 7.983111949374311 7.983111949374311 7.983111949374311 7.983111949374311 7.983111949374311 7.983111949374311 7.983111949374311 7.983111949374311 7.983111949374311 7.983111949374311 7.983111949374311 7.983111949374311 7.983111949374311 7.983111949374311 7.983111949374311 7.983111949374311 7.983111949374311 7.983111949374311 7.983111949374311 7.983111949374311 7.983111949374311 7.983111949374311 7.983111949374311 
7.983111949374311 7.983111949374311 7.983111949374311 7.983111949374311 7.983111949374311 7.983111949374311 7.983111949374311 7.983111949374311 7.983111949374311 7.983111949374311 7.983111949374311 7.983111949374311 7.983111949374311 7.983111949374311 7.983111949374311 7.983111949374311 7.983111949374311 7.983111949374311 7.983111949374311 7.983111949374311 7.983111949374311 7.983111949374311 7.983111949374311 7.983111949374311 7.983111949374311 7.983111949374311 7.983111949374311 
7.983111949374311 7.983111949374311 7.983111949374311 7.983111949374311 7.983111949374311 7.983111949374311 7.983111949374311 7.983111949374311 7.983111949374311 7.983111949374311 7.983111949374311 7.983111949374311 7.983111949374311 7.983111949374311 7.983111949374311 7.983111949374311 7.983111949374311 7.983111949374311 7.983111949374311 7.983111949374311 7.983111949374311 7.983111949374311 7.983111949374311 7.983111949374311 7.983111949374311 7.983111949374311 7.983111949374311 
7.983111949374311 7.983111949374311 7.983111949374311 7.983111949374311 7.983111949374311 7.983111949374311 7.983111949374311 7.983111949374311 7.983111949374311 7.983111949374311 7.983111949374311 7.983111949374311 7.983111949374311 7.983111949374311 7.983111949374311 7.983111949374311 7.983111949374311 7.983111949374311 7.983111949374311 7.983111949374311 7.983111949374311 7.983111949374311 7.983111949374311 7.983111949374311 7.983111949374311 7.983111949374311 7.983111949374311 
7.983111949374311 7.983111949374311 7.983111949374311 7.983111949374311 7.983111949374311 7.983111949374311 7.983111949374311 7.983111949374311 7.983111949374311 7.983111949374311 7.983111949374311 7.983111949374311 7.983111949374311 7.983111949374311 7.983111949374311 7.983111949374311 7.983111949374311 7.983111949374311 7.983111949374311 7.983111949374311 7.983111949374311 7.983111949374311 7.983111949374311 7.983111949374311 7.983111949374311 7.983111949374311 7.983111949374311 
7.983111949374311 7.983111949374311 7.983111949374311 7.983111949374311 7.983111949374311 7.983111949374311 7.983111949374311 7.983111949374311 7.983111949374311 7.983111949374311 7.983111949374311 7.983111949374311 7.983111949374311 7.983111949374311 7.983111949374311 7.983111949374311 7.983111949374311 7.983111949374311 7.983111949374311 7.983111949374311 7.983111949374311 7.983111949374311 7.983111949374311 7.983111949374311 7.983111949374311 7.983111949374311 7.983111949374311 
7.983111949374311 7.983111949374311 7.983111949374311 7.983111949374311 7.983111949374311 7.983111949374311 7.983111949374311 7.983111949374311 7.983111949374311 7.983111949374311 7.983111949374311 7.983111949374311 7.983111949374311 7.983111949374311 7.983111949374311 7.983111949374311 7.983111949374311 7.983111949374311 7.983111949374311 7.983111949374311 7.983111949374311 7.983111949374311 7.983111949374311 7.983111949374311 7.983111949374311 7.983111949374311 7.983111949374311 
7.983111949374311 7.983111949374311 7.983111949374311 7.983111949374311 7.983111949374311 7.983111949374311 7.983111949374311 7.983111949374311 7.983111949374311 7.983111949374311 7.983111949374311 7.983111949374311 7.983111949374311 7.983111949374311 7.983111949374311 7.983111949374311 7.983111949374311 7.983111949374311 7.983111949374311 7.983111949374311 7.983111949374311 7.983111949374311 7.983111949374311 7.983111949374311 7.983111949374311 7.983111949374311 7.983111949374311 
7.983111949374311 7.983111949374311 7.983111949374311 7.983111949374311 7.983111949374311 7.983111949374311 7.983111949374311 7.983111949374311 7.983111949374311 7.983111949374311 7.983111949374311 7.983111949374311 7.983111949374311 7.983111949374311 7.983111949374311 7.983111949374311 7.983111949374311 7.983111949374311 7.983111949374311 7.983111949374311 7.983111949374311 7.983111949374311 7.983111949374311 7.983111949374311 7.983111949374311 7.983111949374311 7.983111949374311 
7.983111949374311 7.983111949374311 7.983111949374311 7.983111949374311 7.983111949374311 7.983111949374311 7.983111949374311 7.983111949374311 7.983111949374311 7.983111949374311 7.983111949374311 7.983111949374311 7.983111949374311 7.983111949374311 7.983111949374311 7.983111949374311 7.983111949374311 7.983111949374311 7.983111949374311 7.983111949374311 7.983111949374311 7.983111949374311 7.983111949374311 7.983111949374311 7.983111949374311 7.983111949374311 7.983111949374311 
7.983111949374311 7.983111949374311 7.983111949374311 7.983111949374311 7.983111949374311 7.983111949374311 7.983111949374311 7.983111949374311 7.983111949374311 7.983111949374311 7.983111949374311 7.983111949374311 7.983111949374311 7.983111949374311 7.983111949374311 7.983111949374311 7.983111949374311 7.983111949374311 7.983111949374311 7.983111949374311 7.983111949374311 7.983111949374311 7.983111949374311 7.983111949374311 7.983111949374311 7.983111949374311 7.983111949374311 
7.983111949374311 7.983111949374311 7.983111949374311 7.983111949374311 7.983111949374311 7.983111949374311 7.983111949374311 7.983111949374311 7.983111949374311 7.983111949374311 7.983111949374311 7.983111949374311 7.983111949374311 7.983111949374311 7.983111949374311 7.983111949374311 7.983111949374311 7.983111949374311 7.983111949374311 7.983111949374311 7.983111949374311 7.983111949374311 7.983111949374311 7.983111949374311 7.983111949374311 7.983111949374311 7.983111949374311 
7.983111949374311 7.983111949374311 7.983111949374311 7.983111949374311 7.983111949374311 7.983111949374311 7.983111949374311 7.983111949374311 7.983111949374311 7.983111949374311 7.983111949374311 7.983111949374311 7.983111949374311 7.983111949374311 7.983111949374311 7.983111949374311 7.983111949374311 7.983111949374311 7.983111949374311 7.983111949374311 7.983111949374311 7.983111949374311 7.983111949374311 7.983111949374311 7.983111949374311 7.983111949374311 7.983111949374311 
7.982735865506811 7.9827618718488536 7.982796123479659 7.982841236307822 7.9829005363827985 7.982978103278324 7.9830786726584355 7.98311194937431 7.983111949374311 7.983111949374311 7.983111949374311 7.983111949374311 7.983111949374311 7.983111949374311 7.983111949374311 7.983111949374311 7.983111949374311 7.983111949374311 7.983111949374311 7.983111949374311 7.983111949374311 7.983111949374311 7.983111949374311 7.983111949374311 7.983111949374311 7.983111949374311 7.983111949374311 
7.981870619025719 7.981901797365809 7.981943697994301 7.982000104066966 7.982075969524654 7.9821775488208395 7.982312322422369 7.982488550365828 7.982714293981177 7.9829958609835385 7.983111949374311 7.983111949374311 7.983111949374311 7.983111949374311 7.983111949374311 7.983111949374311 7.983111949374311 7.983111949374311 7.983111949374311 7.983111949374311 7.983111949374311 7.983111949374311 7.983111949374311 7.983111949374311 7.983111949374311 7.983111949374311 7.983111949374311 
7.980255637373218 7.980291829881915 7.980341960615139 7.9804115761013605 7.980508154434326 7.980641397155783 7.980823215182392 7.981067123641908 7.981386758591228 7.981793403382158 7.982292818542602 7.982882205001069 7.983111949374311 7.983111949374311 7.983111949374311 7.983111949374311 7.983111949374311 7.983111949374311 7.983111949374311 7.983111949374311 7.983111949374311 7.983111949374311 7.983111949374311 7.983111949374311 7.983111949374311 7.983111949374311 7.983111949374311 
7.977352934380763 7.9773927544835646 7.9774506419359 7.977534821108379 7.977656699833076 7.9778314573827975 7.978078172495849 7.978419009721382 7.978876956809975 7.979471870828139 7.980215251710482 7.981105068627581 7.982122608199127 7.9831119443017435 7.983111949374311 7.983111949374311 7.983111949374311 7.983111949374311 7.983111949374311 7.983111949374311 7.983111949374311 7.983111949374311 7.983111949374311 7.983111949374311 7.983111949374311 7.983111949374311 7.983111949374311 
7.972276654895951 7.972316256642518 7.972379082589596 7.9724774113613845 7.97262874987187 7.972856953624211 7.973192660499118 7.973672229541254 7.974334296263457 7.975213450903516 7.976331618204129 7.977689251201811 7.9792596133783285 7.9809891331994915 7.982804698586598 7.983111949374311 7.983111949374311 7.983111949374311 7.983111949374311 7.983111949374311 7.983111949374311 7.983111949374311 7.983111949374311 7.983111949374311 7.983111949374311 7.983111949374311 7.983111949374311 
7.963601076203571 7.9636319113470035 7.963691999065858 7.9637996562173425 7.963981722110951 7.96427562806608 7.964730468787557 7.9654057307125985 7.966366128407285 7.967671562317989 7.969362930915422 7.971447126654877 7.973886662159843 7.976599130903898 7.9794683217439974 7.982363845912504 7.983111949374311 7.983111949374311 7.983111949374311 7.983111949374311 7.983111949374311 7.983111949374311 7.983111949374311 7.983111949374311 7.983111949374311 7.983111949374311 7.983111949374311 
7.9491083485177985 7.949113220987194 7.9491532856369576 7.9492555090511265 7.949460555676562 7.949826540055722 7.9504314161369365 7.951371800138979 7.952755535852409 7.954686025985077 7.957239041222881 7.960437106320214 7.964230492161309 7.96849400263874 7.973043431833482 7.977667136512237 7.982161864651837 7.983111949374311 7.983111949374311 7.983111949374311 7.983111949374311 7.983111949374311 7.983111949374311 7.983111949374311 7.983111949374311 7.983111949374311 7.983111949374311 
7.925522199629251 7.925469473048038 7.925454871349664 7.925516777007341 7.925715043247561 7.926137695279731 7.926906023309087 7.928174559893803 7.93012130728245 7.932924227272151 7.936723969605524 7.941580146924229 7.947435924382609 7.95410739333476 7.961306258101797 7.968689951280636 7.975921491452984 7.98271949706415 7.983111949374311 7.983111949374311 7.983111949374311 7.983111949374311 7.983111949374311 7.983111949374311 7.983111949374311 7.983111949374311 7.983111949374311 
7.784292302021083 7.790033030900672 7.7973553035345455 7.806663438723333 7.818446673945177 7.833286729451346 7.851860013410726 7.8749245016405425 7.8936014916230235 7.8975469755650565 7.903025855393456 7.910215093275217 7.9190801330522484 7.929371396564225 7.94065161759449 7.952372947032002 7.963976794101139 7.974982090587248 7.983111949374311 7.983111949374311 7.983111949374311 7.983111949374311 7.983111949374311 7.983111949374311 7.983111949374311 7.983111949374311 7.983111949374311 
7.582365002985611 7.588102999758757 7.595420753559756 7.6047214865940225 7.616492741134341 7.63131375447094 7.649857983061067 7.672888154898101 7.701241633767989 7.735805536531979 7.777484284669928 7.827165244712326 7.872695887955301 7.888139872522441 7.905444106231698 7.923778176095477 7.942226584844837 7.959963346938511 7.976357774354851 7.983111949374311 7.983111949374311 7.983111949374311 7.983111949374311 7.983111949374311 7.983111949374311 7.983111949374311 7.983111949374311 
7.385024416876067 7.3907605772217835 7.398075321320203 7.407371144657642 7.419134435511969 7.433942619894918 7.452466349355767 7.475464073186663 7.503766733469282 7.538251977243239 7.579810616586781 7.629313029348022 7.687589004548952 7.755439902253194 7.8336959477561585 7.875252108861575 7.904020558445778 7.932273627915501 7.958870393032214 7.982960101794433 7.983111949374311 7.983111949374311 7.983111949374311 7.983111949374311 7.983111949374311 7.983111949374311 7.983111949374311 
7.192964085628137 7.198699081621462 7.20601192539232 7.2153046585909575 7.227062949140734 7.241863092456755 7.260373988458916 7.283351411014463 7.311622274988743 7.34605824552981 7.38754133352864 7.436928999931163 7.4950319376431 7.562622922136917 7.6404997377726795 7.729632481387977 7.831427155584869 7.882986827038916 7.925582972283203 7.965306189701652 7.983111949374311 7.983111949374311 7.983111949374311 7.983111949374311 7.983111949374311 7.983111949374311 7.983111949374311 
7.006834478293943 7.012568724557328 7.019880352088084 7.029171116895254 7.040926234021544 7.0557212886552385 7.074224080944298 7.0971887054250145 7.125439549123087 7.159844521176243 7.201280101776531 7.250595621006122 7.308589700846862 7.37601675039915 7.453645441711567 7.542397176289266 7.643610907724882 7.759538620048981 7.864313750960669 7.928885004905483 7.983111949374311 7.983111949374311 7.983111949374311 7.983111949374311 7.983111949374311 7.983111949374311 7.983111949374311 
6.827187437145808 6.8329211860458425 6.84023201501191 6.849521497955342 6.86127456180877 6.876066340645899 6.8945639368789 6.9175203804665975 6.9457584567495045 6.980143695495734 7.021549073139912 7.070818767353578 7.128743747300575 7.196066769975254 7.273538013063851 7.362047753523019 7.462878460181006 7.5781698964480135 7.711851244610855 7.85635031399265 7.959733333825465 7.983111949374311 7.983111949374311 7.983111949374311 7.983111949374311 7.983111949374311 7.983111949374311 
6.65441904684561 6.6601524515574155 6.667462736823026 6.676751358515101 6.688503057491656 6.703292677289957 6.721786871891009 6.744737988088845 6.772967784436702 6.807340266296283 6.848726165900807 6.897966360647649 6.955846916822161 7.023103124609104 7.1004733097790105 7.188827810970569 7.289412939887933 7.404296333707128 7.537244091453818 7.695750160864983 7.883831237284916 7.983111949374311 7.983111949374311 7.983111949374311 7.983111949374311 7.983111949374311 7.983111949374311 
6.488723683594708 6.4944568374820015 6.501766735386127 6.511054755075216 6.522805515009395 6.537593668483503 6.556085576857953 6.579033142258991 6.607257456085568 6.641621534315893 6.682994653451033 6.732215550384808 6.790067110914462 6.8572797801261824 6.934584192069936 7.022837749144389 7.1232633281825475 7.237881926393495 7.370354598511766 7.527893074660024 7.726771848879227 7.983111949374311 7.983111949374311 7.983111949374311 7.983111949374311 7.983111949374311 7.983111949374311 
6.3300699726045195 6.335802933652756 6.343112541701704 6.352400121582679 6.36415020951622 6.378937331838852 6.397427655645558 6.420372788992802 6.44859338327373 6.482951803083861 6.524316367404671 6.573524405577409 6.631356711550302 6.698540542337463 6.775801468875667 6.863988377753376 6.964308727616349 7.078752879319838 7.210913124442584 7.367817799592951 7.56509675216607 7.983111949374311 7.983111949374311 7.983111949374311 7.983111949374311 7.983111949374311 7.983111949374311 
6.178204715046895 6.183937520899508 6.1912469021356324 6.2005341467582 6.212283734434403 6.227070105002331 6.2455592941504205 6.268502712091796 6.2967207153313165 6.331075233007576 6.372433944860656 6.42163324094955 6.4794525189438 6.546616906538553 6.623848590808388 6.711990764835427 6.812240580688143 6.926567939491916 7.0585193160339506 7.215001470689285 7.41122238331058 7.80184260990068 7.983111949374311 7.983111949374311 7.983111949374311 7.983111949374311 7.983111949374311 
6.032683772603754 6.038416449587498 6.045725647276405 6.05501262737369 6.066761829728705 6.081547633976891 6.10003598518122 6.12297815805742 6.151194308161873 6.1855460688741495 6.226900686554007 6.276093914837812 6.333904205028816 6.40105524042421 6.478266910595877 6.5663785404661565 6.666580278792637 6.7808281315274 6.912637503279833 7.068826318218021 7.3125555567828915 7.756050819476027 7.983111949374312 7.983111949374312 7.983111949374312 7.983111949374311 7.983111949374311 
5.892922260632338 5.8986548289083 5.905963875067019 5.91525064157789 5.9269995396247666 5.941784906071163 5.960272622278124 5.983213868505292 6.011428661073225 6.0457784292558205 6.0871301210009 6.136319052045901 6.1941230222865045 6.261264719794264 6.3384624492821615 6.426552865813344 6.526721484740944 6.641016536941285 6.790506551796962 6.97615934987428 7.270381539225348 7.762838324063007 7.983111949374292 7.983111949374279 7.983111949374279 7.98311194937428 7.983111949374281 
