7.983114120843464 7.983114120843464 7.983114120843464 7.983114120843464 7.983114120843464 7.983114120843464 7.983114120843464 7.983114120843464 7.983114120843464 7.983114120843464 7.983114120843464 7.983114120843464 7.983114120843464 7.983114120843464 7.983114120843464 7.983114120843464 7.983114120843464 7.983114120843464 7.983114120843464 7.983114120843464 7.983114120843464 7.983114120843464 7.983114120843464 7.983114120843464 7.983114120843464 7.983114120843464 7.983114120843464 
7.983114120843464 7.983114120843464 7.983114120843464 7.983114120843464 7.983114120843464 7.983114120843464 7.983114120843464 7.983114120843464 7.983114120843464 7.983114120843464 7.983114120843464 7.983114120843464 7.983114120843464 7.983114120843464 7.983114120843464 7.983114120843464 7.983114120843464 7.983114120843464 7.983114120843464 7.983114120843464 7.983114120843464 7.983114120843464 7.983114120843464 7.983114120843464 7.983114120843464 7.983114120843464 7.983114120843464 
7.983114120843464 7.983114120843464 7.983114120843464 7.983114120843464 7.983114120843464 7.983114120843464 7.983114120843464 7.983114120843464 7.983114120843464 7.983114120843464 7.983114120843464 7.983114120843464 7.983114120843464 7.983114120843464 7.983114120843464 7.983114120843464 7.983114120843464 7.983114120843464 7.983114120843464 7.983114120843464 7.983114120843464 7.983114120843464 7.983114120843464 7.983114120843464 7.983114120843464 7.983114120843464 7.983114120843464 
7.983114120843464 7.983114120843464 7.983114120843464 7.983114120843464 7.983114120843464 7.983114120843464 7.983114120843464 7.983114120843464 7.983114120843464 7.983114120843464 7.983114120843464 7.983114120843464 7.983114120843464 7.983114120843464 7.983114120843464 7.983114120843464 7.983114120843464 7.983114120843464 7.983114120843464 7.983114120843464 7.983114120843464 7.983114120843464 7.983114120843464 7.983114120843464 7.983114120843464 7.983114120843464 7.983114120843464 
7.983114120843464 7.983114120843464 7.983114120843464 7.983114120843464 7.983114120843464 7.983114120843464 7.983114120843464 7.983114120843464 7.983114120843464 7.983114120843464 7.983114120843464 7.983114120843464 7.983114120843464 7.983114120843464 7.983114120843464 7.983114120843464 7.983114120843464 7.983114120843464 7.983114120843464 7.983114120843464 7.983114120843464 7.983114120843464 7.983114120843464 7.983114120843464 7.983114120843464 7.983114120843464 7.983114120843464 
7.983114120843464 7.983114120843464 7.983114120843464 7.983114120843464 7.983114120843464 7.983114120843464 7.983114120843464 7.983114120843464 7.983114120843464 7.983114120843464 7.983114120843464 7.983114120843464 7.983114120843464 7.983114120843464 7.983114120843464 7.983114120843464 7.983114120843464 7.983114120843464 7.983114120843464 7.983114120843464 7.983114120843464 7.983114120843464 7.983114120843464 7.983114120843464 7.983114120843464 7.983114120843464 7.983114120843464 
7.983114120843464 7.983114120843464 7.983114120843464 7.983114120843464 7.983114120843464 7.983114120843464 7.983114120843464 7.983114120843464 7.983114120843464 7.983114120843464 7.983114120843464 7.983114120843464 7.983114120843464 7.983114120843464 7.983114120843464 7.983114120843464 7.983114120843464 7.983114120843464 7.983114120843464 7.983114120843464 7.983114120843464 7.983114120843464 7.983114120843464 7.983114120843464 7.983114120843464 7.983114120843464 7.983114120843464 
7.983114120843464 7.983114120843464 7.983114120843464 7.983114120843464 7.983114120843464 7.983114120843464 7.983114120843464 7.983114120843464 7.983114120843464 7.983114120843464 7.983114120843464 7.983114120843464 7.983114120843464 7.983114120843464 7.983114120843464 7.983114120843464 7.983114120843464 7.983114120843464 7.983114120843464 7.983114120843464 7.983114120843464 7.983114120843464 7.983114120843464 7.983114120843464 7.983114120843464 7.983114120843464 7.983114120843464 
7.983114120843464 7.983114120843464 7.983114120843464 7.983114120843464 7.983114120843464 7.983114120843464 7.983114120843464 7.983114120843464 7.983114120843464 7.983114120843464 7.983114120843464 7.983114120843464 7.983114120843464 7.983114120843464 7.983114120843464 7.983114120843464 7.983114120843464 7.983114120843464 7.983114120843464 7.983114120843464 7.983114120843464 7.983114120843464 7.983114120843464 7.983114120843464 7.983114120843464 7.983114120843464 7.983114120843464 
7.983114120843464 7.983114120843464 7.983114120843464 7.983114120843464 7.983114120843464 7.983114120843464 7.983114120843464 7.983114120843464 7.983114120843464 7.983114120843464 7.983114120843464 7.983114120843464 7.983114120843464 7.983114120843464 7.983114120843464 7.983114120843464 7.983114120843464 7.983114120843464 7.983114120843464 7.983114120843464 7.983114120843464 7.983114120843464 7.983114120843464 7.983114120843464 7.983114120843464 7.983114120843464 7.983114120843464 
7.983114120843464 7.983114120843464 7.983114120843464 7.983114120843464 7.983114120843464 7.983114120843464 7.983114120843464 7.983114120843464 7.983114120843464 7.983114120843464 7.983114120843464 7.983114120843464 7.983114120843464 7.983114120843464 7.983114120843464 7.983114120843464 7.983114120843464 7.983114120843464 7.983114120843464 7.983114120843464 7.983114120843464 7.983114120843464 7.983114120843464 7.983114120843464 7.983114120843464 7.983114120843464 7.983114120843464 
7.983114120843464 7.983114120843464 7.983114120843464 7.983114120843464 7.983114120843464 7.983114120843464 7.983114120843464 7.983114120843464 7.983114120843464 7.983114120843464 7.983114120843464 7.983114120843464 7.983114120843464 7.983114120843464 7.983114120843464 7.983114120843464 7.983114120843464 7.983114120843464 7.983114120843464 7.983114120843464 7.983114120843464 7.983114120843464 7.983114120843464 7.983114120843464 7.983114120843464 7.983114120843464 7.983114120843464 
7.983114120843464 7.983114120843464 7.983114120843464 7.983114120843464 7.983114120843464 7.983114120843464 7.983114120843464 7.983114120843464 7.983114120843464 7.983114120843464 7.983114120843464 7.983114120843464 7.983114120843464 7.983114120843464 7.983114120843464 7.983114120843464 7.983114120843464 7.983114120843464 7.983114120843464 7.983114120843464 7.983114120843464 7.983114120843464 7.983114120843464 7.983114120843464 7.983114120843464 7.983114120843464 7.983114120843464 
7.983114120843464 7.983114120843464 7.983114120843464 7.983114120843464 7.983114120843464 7.983114120843464 7.983114120843464 7.983114120843464 7.983114120843464 7.983114120843464 7.983114120843464 7.983114120843464 7.983114120843464 7.983114120843464 7.983114120843464 7.983114120843464 7.983114120843464 7.983114120843464 7.983114120843464 7.983114120843464 7.983114120843464 7.983114120843464 7.983114120843464 7.983114120843464 7.983114120843464 7.983114120843464 7.983114120843464 
7.983114120843464 7.983114120843464 7.983114120843464 7.983114120843464 7.983114120843464 7.983114120843464 7.983114120843464 7.983114120843464 7.983114120843464 7.983114120843464 7.983114120843464 7.983114120843464 7.983114120843464 7.983114120843464 7.983114120843464 7.983114120843464 7.983114120843464 7.983114120843464 7.983114120843464 7.983114120843464 7.983114120843464 7.983114120843464 7.983114120843464 7.983114120843464 7.983114120843464 7.983114120843464 7.983114120843464 
7.983114120843464 7.983114120843464 7.983114120843464 7.983114120843464 7.983114120843464 7.983114120843464 7.983114120843464 7.983114120843464 7.983114120843464 7.983114120843464 7.983114120843464 7.983114120843464 7.983114120843464 7.983114120843464 7.983114120843464 7.983114120843464 7.983114120843464 7.983114120843464 7.983114120843464 7.983114120843464 7.983114120843464 7.983114120843464 7.983114120843464 7.983114120843464 7.983114120843464 7.983114120843464 7.983114120843464 
7.983114120843463 7.983114120843464 7.983114120843464 7.983114120843464 7.983114120843464 7.983114120843464 7.983114120843464 7.983114120843464 7.983114120843464 7.983114120843464 7.983114120843464 7.983114120843464 7.983114120843464 7.983114120843463 7.983114120843464 7.983114120843464 7.983114120843464 7.983114120843464 7.983114120843464 7.983114120843464 7.983114120843464 7.983114120843464 7.983114120843464 7.983114120843464 7.983114120843464 7.983114120843464 7.983114120843464 
7.982766495979092 7.982797090313924 7.982835176615108 7.98288212957707 7.982939322353082 7.983007977046554 7.983088955748029 7.983114120843462 7.983114120843464 7.983114120843464 7.983114120843464 7.983114120843464 7.983114120843464 7.983114120843463 7.983114120843463 7.983114120843464 7.983114120843464 7.983114120843464 7.983114120843464 7.983114120843464 7.983114120843464 7.983114120843464 7.983114120843464 7.983114120843464 7.983114120843464 7.983114120843464 7.983114120843464 
7.981966653272432 7.982018124811582 7.982082206743973 7.982161216350026 7.982257470418836 7.982373034122192 7.982509373564049 7.982666938627609 7.982844746198163 7.983040077761266 7.983114120843464 7.983114120843464 7.983114120843464 7.983114120843463 7.983114120843463 7.983114120843463 7.983114120843464 7.983114120843464 7.983114120843464 7.983114120843464 7.983114120843464 7.983114120843464 7.983114120843464 7.983114120843464 7.983114120843464 7.983114120843464 7.983114120843464 
7.980473471822636 7.980559662390823 7.980666983629101 7.980799326524987 7.980960586149396 7.981154242041813 7.981382776501447 7.981646974651669 7.981945222994164 7.98227299724348 7.982622762206881 7.982984448611629 7.983114120843464 7.983114120843463 7.983114120843463 7.983114120843463 7.983114120843463 7.983114120843464 7.983114120843464 7.983114120843464 7.983114120843464 7.983114120843464 7.983114120843464 7.983114120843464 7.983114120843464 7.983114120843464 7.983114120843464 
7.977788786700474 7.9779323456545725 7.978111135854479 7.978331665050237 7.978600460168965 7.9789233706377996 7.979304599682629 7.979745534877069 7.98024357078644 7.980791241292088 7.981376034940152 7.981981172973814 7.982587362043136 7.983114118302776 7.983114120843463 7.983114120843463 7.983114120843463 7.983114120843463 7.983114120843464 7.983114120843464 7.983114120843464 7.983114120843464 7.983114120843464 7.983114120843464 7.983114120843464 7.983114120843464 7.983114120843464 
7.973091011893393 7.973328458308498 7.973624270862957 7.973989283484449 7.974434394121561 7.974969418324434 7.975601487598178 7.976333105724802 7.977160177918758 7.978070537559789 7.9790435940312054 7.980051577290498 7.98106241505121 7.982043689217325 7.9829666769949865 7.983114120843463 7.983114120843463 7.983114120843463 7.983114120843463 7.983114120843464 7.983114120843464 7.983114120843464 7.983114120843464 7.983114120843464 7.983114120843464 7.983114120843464 7.983114120843464 
7.965054247755342 7.965443070597249 7.965927711418388 7.966526093062246 7.96725632779898 7.968134856056793 7.9691738262121214 7.9703778883871195 7.971740906704539 7.973243447208304 7.974852077658049 7.976521292188677 7.978198162234364 7.979828838426486 7.9813652758678195 7.982770467829 7.983114120843463 7.983114120843463 7.983114120843463 7.983114120843463 7.983114120843464 7.983114120843464 7.983114120843464 7.983114120843464 7.983114120843464 7.983114120843464 7.983114120843464 
7.951606468056274 7.952233700779485 7.953016110814704 7.953983070446922 7.955164474538396 7.956587782063759 7.958273800713406 7.960231461211111 7.96245236450262 7.964906475870847 7.9675406729910385 7.970281546026692 7.973042726014151 7.975735415216369 7.9782795029511755 7.980612422845905 7.982693868475812 7.983114120843463 7.983114120843463 7.983114120843463 7.983114120843464 7.983114120843464 7.983114120843464 7.983114120843464 7.983114120843464 7.983114120843464 7.983114120843464 
7.929667255599524 7.930656536373939 7.931892004016882 7.933421085979454 7.935292566229132 7.9375520388983 7.940235307812962 7.943360040117938 7.94691682650908 7.950861779343738 7.955113431890271 7.959556349605748 7.964052177540111 7.968456270677381 7.972635833144932 7.976484906652869 7.979932923765159 7.98294599721561 7.983114120843463 7.983114120843463 7.983114120843463 7.983114120843464 7.983114120843464 7.983114120843464 7.983114120843464 7.983114120843464 7.983114120843464 
7.900829643402658 7.900909316306649 7.901014817549459 7.90120219792398 7.903628368393935 7.907101541147594 7.9112478000810516 7.916098478937462 7.921647814092175 7.9278374782036805 7.934549598975764 7.9416101552793865 7.948804328690217 7.955901589686885 7.9626845371722155 7.9689740600085415 7.974645089034153 7.9796309307151025 7.983114120843463 7.983114120843463 7.983114120843463 7.983114120843464 7.983114120843464 7.983114120843464 7.983114120843464 7.983114120843464 7.983114120843464 
7.900724453714664 7.900773124642377 7.9008361035739005 7.900917641874879 7.901023285030702 7.901160288132964 7.901338180589072 7.901569547676678 7.901871151727852 7.902265774698903 7.902800705151793 7.912483713436987 7.923692127902861 7.934868825872178 7.945666647928142 7.9557867653486944 7.965006926936409 7.973193339885172 7.98029682888285 7.983114120843463 7.983114120843463 7.983114120843464 7.983114120843464 7.983114120843464 7.983114120843464 7.983114120843464 7.983114120843464 
7.900662274580055 7.900692893938861 7.900732514960769 7.9007838125605145 7.900850275950937 7.900936469813845 7.901048388335394 7.9011939413344825 7.901383632508546 7.901631524660856 7.901956648048845 7.902385125589218 7.902953590340588 7.903720041522062 7.917460001146547 7.933345562009654 7.948052546868654 7.961316881597234 7.973000916730917 7.983052152123216 7.983114120843463 7.983114120843463 7.983114120843464 7.983114120843464 7.983114120843464 7.983114120843464 7.983114120843464 
7.900622548744327 7.90064218574527 7.900667554390687 7.900700350176917 7.900742786385941 7.900797761241603 7.900869084196811 7.900961786182743 7.901082551920627 7.9012403343658475 7.901447248983919 7.901719912691595 7.902081517895057 7.902565181918257 7.903219668883256 7.904121087732847 7.9191716121998565 7.9401657963944965 7.959110588297877 7.975848411707744 7.983114120843463 7.983114120843463 7.983114120843464 7.983114120843464 7.983114120843464 7.983114120843464 7.983114120843464 
7.892139104466882 7.89258589148903 7.8931467837396045 7.893845513407872 7.894707625022532 7.89575876243553 7.897021893462274 7.898513240736992 7.900233165083013 7.9009923857338595 7.901128992405451 7.90130536405323 7.901538591362968 7.901850296425202 7.9022718906354115 7.902851196884102 7.9036649544279864 7.9048659690635406 7.933561805422991 7.960989589931186 7.983114120843463 7.983114120843463 7.983114120843464 7.983114120843464 7.983114120843464 7.983114120843464 7.983114120843464 
7.873122353878161 7.873832210751868 7.874724150642609 7.875836514510398 7.877210865629772 7.8788893916006035 7.880910654058127 7.883303556900747 7.886079906519595 7.889226708868271 7.892700173721322 7.8964237358141816 7.900288004938931 7.901399791759413 7.901676329083358 7.9020548498075325 7.9025859467333515 7.903354804990599 7.904521147966439 7.931452418469101 7.973744197583367 7.983114120843463 7.983114120843464 7.983114120843464 7.983114120843464 7.983114120843464 7.983114120843464 
7.842702208547451 7.843796393869517 7.8451729719794905 7.84689243601439 7.84902100114263 7.851626852503673 7.854773816953848 7.858512152968576 7.862866882566932 7.867825278532798 7.873326502246879 7.879257274990412 7.885456946627609 7.8917328908554465 7.897883018867348 7.901547255965501 7.9019012786805645 7.902410640413917 7.903181135067331 7.904432913918054 7.943372938367408 7.983114120843463 7.983114120843464 7.983114120843464 7.983114120843464 7.983114120843464 7.983114120843464 
7.7959482592417 7.79756498601369 7.799602331231545 7.802152442035781 7.805317473014471 7.809204615780137 7.813917314820163 7.819542012345918 7.826130721500206 7.833681425230457 7.842120463030305 7.851292779454088 7.860965752703001 7.870849258553837 7.880629213609428 7.8900065608898 7.898730367009737 7.901803981357317 7.902322731888782 7.9031617827095655 7.904692089762868 7.983114120843463 7.983114120843464 7.983114120843464 7.983114120843464 7.983114120843464 7.983114120843464 
7.727664192918993 7.729925531933502 7.732780738178565 7.736363353511691 7.740823649723503 7.746322807275601 7.753021879224531 7.76106431375266 7.770551887822392 7.781516053321032 7.793889751514399 7.8074876923004 7.8220040107228455 7.837033211669079 7.852113282806089 7.866781627279446 7.880629539485769 7.893341972257633 7.901762699475761 7.902337413003843 7.903376186897047 7.983114120843463 7.983114120843464 7.983114120843464 7.983114120843464 7.983114120843464 7.983114120843464 
7.633886849362446 7.636853735817963 7.640607204248581 7.645328848334097 7.651226141743314 7.658526622095859 7.667465640637506 7.6782657639059355 7.6911069265820915 7.7060887615793074 7.723190217012623 7.742235739983455 7.762879892199312 7.784620624664886 7.806844251603872 7.828894451741286 7.850148642253982 7.8700829392519704 7.888312481412187 7.901791383411926 7.902513006944553 7.905248113485151 7.983114120843464 7.983114120843464 7.983114120843464 7.983114120843464 7.983114120843464 
7.4548861671361895 7.460525773126958 7.467703628442514 7.476803238071565 7.488282540249411 7.502676508817014 7.520592952568247 7.5426983782322115 7.5696911922996355 7.602225317312405 7.626057614641636 7.650968542573474 7.678416800054182 7.707880466875175 7.738662098177669 7.769957519551907 7.8009443467410025 7.830868982535198 7.859112666923046 7.885225998546725 7.901935330626067 7.904010946012653 7.983114120843464 7.983114120843464 7.983114120843464 7.983114120843464 7.983114120843464 
7.253633822074596 7.25933301243707 7.266586346990013 7.275781099911194 7.287379620837305 7.301921930258704 7.320021468268915 7.342350875999886 7.369615131547079 7.402511053245354 7.441675339807821 7.487627482373089 7.540717682794767 7.601076096707011 7.642755401718736 7.683983900617394 7.726017112309485 7.768015216756987 7.809266273811809 7.849257859654915 7.8877264060408745 7.9016982425026 7.9831141208434655 7.983114120843464 7.983114120843465 7.983114120843464 7.983114120843464 
