7.983114421578574 7.983114421578574 7.983114421578574 7.983114421578574 7.983114421578574 7.983114421578574 7.983114421578574 7.983114421578574 7.983114421578574 7.983114421578574 7.983114421578574 7.983114421578574 7.983114421578574 7.983114421578574 7.983114421578574 7.983114421578574 7.983114421578574 7.983114421578574 7.983114421578574 7.983114421578574 7.983114421578574 7.983114421578574 7.983114421578574 7.983114421578574 7.983114421578574 7.983114421578574 7.983114421578574 
7.983114421578574 7.983114421578574 7.983114421578574 7.983114421578574 7.983114421578574 7.983114421578574 7.983114421578574 7.983114421578574 7.983114421578574 7.983114421578574 7.983114421578574 7.983114421578574 7.983114421578574 7.983114421578574 7.983114421578574 7.983114421578574 7.983114421578574 7.983114421578574 7.983114421578574 7.983114421578574 7.983114421578574 7.983114421578574 7.983114421578574 7.983114421578574 7.983114421578574 7.983114421578574 7.983114421578574 
7.983114421578574 7.983114421578574 7.983114421578574 7.983114421578574 7.983114421578574 7.983114421578574 7.983114421578574 7.983114421578574 7.983114421578574 7.983114421578574 7.983114421578574 7.983114421578574 7.983114421578574 7.983114421578574 7.983114421578574 7.983114421578574 7.983114421578574 7.983114421578574 7.983114421578574 7.983114421578574 7.983114421578574 7.983114421578574 7.983114421578574 7.983114421578574 7.983114421578574 7.983114421578574 7.983114421578574 
7.983114421578574 7.983114421578574 7.983114421578574 7.983114421578574 7.983114421578574 7.983114421578574 7.983114421578574 7.983114421578574 7.983114421578574 7.983114421578574 7.983114421578574 7.983114421578574 7.983114421578574 7.983114421578574 7.983114421578574 7.983114421578574 7.983114421578574 7.983114421578574 7.983114421578574 7.983114421578574 7.983114421578574 7.983114421578574 7.983114421578574 7.983114421578574 7.983114421578574 7.983114421578574 7.983114421578574 
7.983114421578574 7.983114421578574 7.983114421578574 7.983114421578574 7.983114421578574 7.983114421578574 7.983114421578574 7.983114421578574 7.983114421578574 7.983114421578574 7.983114421578574 7.983114421578574 7.983114421578574 7.983114421578574 7.983114421578574 7.983114421578574 7.983114421578574 7.983114421578574 7.983114421578574 7.983114421578574 7.983114421578574 7.983114421578574 7.983114421578574 7.983114421578574 7.983114421578574 7.983114421578574 7.983114421578574 
7.983114421578574 7.983114421578574 7.983114421578574 7.983114421578574 7.983114421578574 7.983114421578574 7.983114421578574 7.983114421578574 7.983114421578574 7.983114421578574 7.983114421578574 7.983114421578574 7.983114421578574 7.983114421578574 7.983114421578574 7.983114421578574 7.983114421578574 7.983114421578574 7.983114421578574 7.983114421578574 7.983114421578574 7.983114421578574 7.983114421578574 7.983114421578574 7.983114421578574 7.983114421578574 7.983114421578574 
7.983114421578574 7.983114421578574 7.983114421578574 7.983114421578574 7.983114421578574 7.983114421578574 7.983114421578574 7.983114421578574 7.983114421578574 7.983114421578574 7.983114421578574 7.983114421578574 7.983114421578574 7.983114421578574 7.983114421578574 7.983114421578574 7.983114421578574 7.983114421578574 7.983114421578574 7.983114421578574 7.983114421578574 7.983114421578574 7.983114421578574 7.983114421578574 7.983114421578574 7.983114421578574 7.983114421578574 
7.983114421578574 7.983114421578574 7.983114421578574 7.983114421578574 7.983114421578574 7.983114421578574 7.983114421578574 7.983114421578574 7.983114421578574 7.983114421578574 7.983114421578574 7.983114421578574 7.983114421578574 7.983114421578574 7.983114421578574 7.983114421578574 7.983114421578574 7.983114421578574 7.983114421578574 7.983114421578574 7.983114421578574 7.983114421578574 7.983114421578574 7.983114421578574 7.983114421578574 7.983114421578574 7.983114421578574 
7.983114421578574 7.983114421578574 7.983114421578574 7.983114421578574 7.983114421578574 7.983114421578574 7.983114421578574 7.983114421578574 7.983114421578574 7.983114421578574 7.983114421578574 7.983114421578574 7.983114421578574 7.983114421578574 7.983114421578574 7.983114421578574 7.983114421578574 7.983114421578574 7.983114421578574 7.983114421578574 7.983114421578574 7.983114421578574 7.983114421578574 7.983114421578574 7.983114421578574 7.983114421578574 7.983114421578574 
7.983114421578574 7.983114421578574 7.983114421578574 7.983114421578574 7.983114421578574 7.983114421578574 7.983114421578574 7.983114421578574 7.983114421578574 7.983114421578574 7.983114421578574 7.983114421578574 7.983114421578574 7.983114421578574 7.983114421578574 7.983114421578574 7.983114421578574 7.983114421578574 7.983114421578574 7.983114421578574 7.983114421578574 7.983114421578574 7.983114421578574 7.983114421578574 7.983114421578574 7.983114421578574 7.983114421578574 
7.983114421578574 7.983114421578574 7.983114421578574 7.983114421578574 7.983114421578574 7.983114421578574 7.983114421578574 7.983114421578574 7.983114421578574 7.983114421578574 7.983114421578574 7.983114421578574 7.983114421578574 7.983114421578574 7.983114421578574 7.983114421578574 7.983114421578574 7.983114421578574 7.983114421578574 7.983114421578574 7.983114421578574 7.983114421578574 7.983114421578574 7.983114421578574 7.983114421578574 7.983114421578574 7.983114421578574 
7.983114421578574 7.983114421578574 7.983114421578574 7.983114421578574 7.983114421578574 7.983114421578574 7.983114421578574 7.983114421578574 7.983114421578574 7.983114421578574 7.983114421578574 7.983114421578574 7.983114421578574 7.983114421578574 7.983114421578574 7.983114421578574 7.983114421578574 7.983114421578574 7.983114421578574 7.983114421578574 7.983114421578574 7.983114421578574 7.983114421578574 7.983114421578574 7.983114421578574 7.983114421578574 7.983114421578574 
7.983114421578574 7.983114421578574 7.983114421578574 7.983114421578574 7.983114421578574 7.983114421578574 7.983114421578574 7.983114421578574 7.983114421578574 7.983114421578574 7.983114421578574 7.983114421578574 7.983114421578574 7.983114421578574 7.983114421578574 7.983114421578574 7.983114421578574 7.983114421578574 7.983114421578574 7.983114421578574 7.983114421578574 7.983114421578574 7.983114421578574 7.983114421578574 7.983114421578574 7.983114421578574 7.983114421578574 
7.983114421578574 7.983114421578574 7.983114421578574 7.983114421578574 7.983114421578574 7.983114421578574 7.983114421578574 7.983114421578574 7.983114421578574 7.983114421578574 7.983114421578574 7.983114421578574 7.983114421578574 7.983114421578574 7.983114421578574 7.983114421578574 7.983114421578574 7.983114421578574 7.983114421578574 7.983114421578574 7.983114421578574 7.983114421578574 7.983114421578574 7.983114421578574 7.983114421578574 7.983114421578574 7.983114421578574 
7.983114421578574 7.983114421578574 7.983114421578574 7.983114421578574 7.983114421578574 7.983114421578574 7.983114421578574 7.983114421578574 7.983114421578574 7.983114421578574 7.983114421578574 7.983114421578574 7.983114421578574 7.983114421578574 7.983114421578574 7.983114421578574 7.983114421578574 7.983114421578574 7.983114421578574 7.983114421578574 7.983114421578574 7.983114421578574 7.983114421578574 7.983114421578574 7.983114421578574 7.983114421578574 7.983114421578574 
7.983114421578574 7.983114421578574 7.983114421578574 7.983114421578574 7.983114421578574 7.983114421578574 7.983114421578574 7.983114421578574 7.983114421578574 7.983114421578574 7.983114421578574 7.983114421578574 7.983114421578574 7.983114421578574 7.983114421578574 7.983114421578574 7.983114421578574 7.983114421578574 7.983114421578574 7.983114421578574 7.983114421578574 7.983114421578574 7.983114421578574 7.983114421578574 7.983114421578574 7.983114421578574 7.983114421578574 
7.983114421578574 7.983114421578574 7.983114421578574 7.983114421578574 7.983114421578574 7.983114421578574 7.983114421578574 7.983114421578574 7.983114421578574 7.983114421578574 7.983114421578574 7.983114421578574 7.983114421578574 7.983114421578574 7.983114421578574 7.983114421578574 7.983114421578574 7.983114421578574 7.983114421578574 7.983114421578574 7.983114421578574 7.983114421578574 7.983114421578574 7.983114421578574 7.983114421578574 7.983114421578574 7.983114421578574 
7.982766788305166 7.982797382800883 7.982835469300562 7.982882422504498 7.982939615571176 7.983008270607646 7.983089249703326 7.983114421578573 7.983114421578574 7.983114421578574 7.983114421578574 7.983114421578574 7.983114421578574 7.983114421578574 7.983114421578574 7.983114421578574 7.983114421578574 7.983114421578574 7.983114421578574 7.983114421578574 7.983114421578574 7.983114421578574 7.983114421578574 7.983114421578574 7.983114421578574 7.983114421578574 7.983114421578574 
7.981966940288711 7.982018412103292 7.982082494375385 7.982161504395371 7.982257758961147 7.982373323250556 7.982509663368947 7.98266722919431 7.982845037598729 7.983040370046355 7.983114421578574 7.983114421578574 7.983114421578574 7.983114421578574 7.983114421578574 7.983114421578574 7.983114421578574 7.983114421578574 7.983114421578574 7.983114421578574 7.983114421578574 7.983114421578574 7.983114421578574 7.983114421578574 7.983114421578574 7.983114421578574 7.983114421578574 
7.980473749872138 7.980559940917587 7.980667262744132 7.980799606356282 7.980960866839817 7.981154523744199 7.981383059370403 7.981647258832056 7.9819455086072795 7.9822732843730675 7.982623050887961 7.982984738825077 7.983114421578574 7.983114421578574 7.983114421578574 7.983114421578574 7.983114421578574 7.983114421578574 7.983114421578574 7.983114421578574 7.983114421578574 7.983114421578574 7.983114421578574 7.983114421578574 7.983114421578574 7.983114421578574 7.983114421578574 
7.977789049216949 7.977932609017831 7.978111400260308 7.978331930723725 7.978600727360357 7.978923639613411 7.9793048707099175 7.979745808204022 7.980243846617235 7.980791519762951 7.981376316100743 7.9819814567791605 7.98258764835871 7.983114419024945 7.983114421578574 7.983114421578574 7.983114421578574 7.983114421578574 7.983114421578574 7.983114421578574 7.983114421578574 7.983114421578574 7.983114421578574 7.983114421578574 7.983114421578574 7.983114421578574 7.983114421578574 
7.973091246308551 7.973328694295534 7.973624508781231 7.973989523744782 7.97443463717727 7.974969664653248 7.975601737673297 7.976333359976344 7.977160436689371 7.978070801062459 7.97904386231885 7.98005185024603 7.981062692401604 7.982043970568265 7.982966961877083 7.983114421578574 7.983114421578574 7.983114421578574 7.983114421578574 7.983114421578574 7.983114421578574 7.983114421578574 7.983114421578574 7.983114421578574 7.983114421578574 7.983114421578574 7.983114421578574 
7.9650544271042385 7.965443253138506 7.965927897864656 7.966526284218638 7.967256524540391 7.9681350592863405 7.9691740367992026 7.970378107089056 7.971741134081781 7.973243683549992 7.974852322937057 7.976521546059561 7.978198424076672 7.979829107422271 7.981365551093565 7.982770748341764 7.983114421578574 7.983114421578574 7.983114421578574 7.983114421578574 7.983114421578574 7.983114421578574 7.983114421578574 7.983114421578574 7.983114421578574 7.983114421578574 7.983114421578574 
7.951606520236315 7.952233760881313 7.953016180502354 7.953983151545414 7.955164568955363 7.956587891667676 7.958273927174021 7.960231605819571 7.962452528004277 7.964906658350648 7.967540873845172 7.9702817640331345 7.973042959485495 7.975735662196117 7.978279761407822 7.9806126908295365 7.982694144221504 7.983114421578574 7.983114421578574 7.983114421578574 7.983114421578574 7.983114421578574 7.983114421578574 7.983114421578574 7.983114421578574 7.983114421578574 7.983114421578574 
7.9296668542935835 7.930656170820755 7.931891679993159 7.933420809069115 7.935292341339285 7.9375518697326415 7.940235196398628 7.943359986495345 7.946916828671291 7.950861833452726 7.955113532723892 7.95955649113152 7.9640523534930185 7.968456475040423 7.972636060477532 7.976485152261435 7.979933183744028 7.98294626836609 7.983114421578574 7.983114421578574 7.983114421578574 7.983114421578574 7.983114421578574 7.983114421578574 7.983114421578574 7.983114421578574 7.983114421578574 
7.89500150552134 7.8965114075832314 7.898400144891152 7.900742510444766 7.903616575434533 7.90709706326246 7.911245457202774 7.9160971262463775 7.921647015897871 7.92783702316207 7.934549369266308 7.941610079152079 7.94880435982013 7.955901696974898 7.9626846991932485 7.9689742617450445 7.9746453198316365 7.9796311829427236 7.983114421578574 7.983114421578574 7.983114421578574 7.983114421578574 7.983114421578574 7.983114421578574 7.983114421578574 7.983114421578574 7.983114421578574 
7.842476143331702 7.844678260377199 7.847438720145536 7.850871248367968 7.855096796153611 7.860234619973044 7.86638842714555 7.873627632679433 7.88196550071209 7.891338304725523 7.901591776031312 7.912481524257522 7.923691453804643 7.934868601162647 7.945666631040879 7.955786863866928 7.965007096259818 7.9731935554541655 7.980297075980196 7.983114421578574 7.983114421578574 7.983114421578574 7.983114421578574 7.983114421578574 7.983114421578574 7.983114421578574 7.983114421578574 
7.7670228864614 7.77005500050473 7.773865106524139 7.7786173280047946 7.784489932642362 7.791664560014263 7.800308589386174 7.810550134585315 7.822447222251658 7.835955852738263 7.850904999652805 7.86698831930917 7.883780259176276 7.900777623701359 7.917458690647356 7.933345273753931 7.9480525464818745 7.961317012721349 7.973001121004991 7.983052387494424 7.983114421578574 7.983114421578574 7.983114421578574 7.983114421578574 7.983114421578574 7.983114421578574 7.983114421578574 
7.665273233962044 7.669184682440433 7.674111529507152 7.680275413258623 7.687922067005546 7.697309874240392 7.708689870722312 7.722275906505594 7.738205807497017 7.756497946615634 7.777011988083058 7.799425859059095 7.823240592933383 7.847818737777303 7.872451594558126 7.896440210985009 7.919170406685266 7.9401656379289784 7.959110683204531 7.975848618985902 7.983114421578574 7.983114421578574 7.983114421578574 7.983114421578574 7.983114421578574 7.983114421578574 7.983114421578574 
7.5007651590241915 7.507739016039831 7.516584718795827 7.527751075635906 7.5417639599356745 7.559223113726447 7.580789397859564 7.606618407367416 7.626775916815865 7.649880986030671 7.676133761222584 7.705272864671234 7.736814125785834 7.770075305726655 7.804237378907489 7.838431003561486 7.871828386895936 7.903719870303602 7.933561409697395 7.960989676329392 7.983114421578574 7.983114421578574 7.983114421578574 7.983114421578574 7.983114421578574 7.983114421578574 7.983114421578574 
7.296473746898506 7.3035098941187595 7.3124339930076525 7.3236983817866905 7.33783291278695 7.355441671488672 7.37719009751861 7.403779712311052 7.435909173130838 7.47422335469192 7.519256254631439 7.571377462704289 7.6221214112419595 7.663845420354133 7.707721077365038 7.75288006161732 7.79846611009547 7.84373678641491 7.888152243239901 7.931451810721223 7.97374436530124 7.983114421578574 7.983114421578575 7.983114421578574 7.983114421578574 7.983114421578574 7.983114421578574 
7.09404167490922 7.10111630070873 7.110088818359419 7.121413739599675 7.135623364119661 7.153324445342081 7.175185230896796 7.201910104122623 7.234200593631568 7.272704526670741 7.317959212608435 7.370338476301565 7.4300151876641864 7.496949075624183 7.570904092591192 7.636818384092425 7.693692356299525 7.752171229982139 7.812264176774917 7.8749040348314425 7.943372565332115 7.983114421578574 7.983114421578576 7.983114421578574 7.983114421578574 7.983114421578574 7.983114421578574 
6.89474257609444 6.9018409475524685 6.910843340218136 6.922205603220686 6.936461540500085 6.954219542958915 6.976149578462344 7.00295777954566 7.035347425323795 7.0739681395622265 7.1193592469699105 7.171897156793876 7.231758445300327 7.298908420722478 7.373119419707963 7.454015973515494 7.541138355257477 7.628919495358505 7.715710932822107 7.777254654085376 7.870798834777919 7.983114421578574 7.983114421578577 7.983114421578574 7.983114421578574 7.983114421578574 7.983114421578574 
6.69964441733141 6.706757474296401 6.71577834022205 6.727163688915871 6.7414482507954006 6.759241423667389 6.781214230833934 6.808073874813619 6.84052470149267 6.879217425364308 6.924692592455223 6.977328180505361 7.0373030235317495 7.104585841505443 7.178954113935106 7.2878148550716535 7.584242815660061 7.688556555849701 7.748252165287312 7.786726211777057 7.799804421351146 7.983114421578574 7.983114421578571 7.983114421578574 7.983114421578574 7.983114421578574 7.983114421578574 
6.509661917886289 6.5167840996556725 6.525816441954827 6.537216129374173 6.5515184654001395 6.569333469482673 6.5913328147823975 6.618224360143241 6.650713102533732 6.689450418503393 6.734977592748589 6.787673552274205 6.84771850284047 6.915083683536105 7.11131134178937 7.3610347400433085 7.597633828002907 7.685162052429982 7.704850922545242 7.788139153770008 7.811680878912555 7.830623650996166 7.983114421578556 7.983114421578574 7.983114421578574 7.983114421578574 7.983114421578574 
6.325562786713874 6.3326906770852505 6.341730197812437 6.353138851896372 6.367452299509418 6.385280946162119 6.407296867296647 6.434208326147222 6.466720718282561 6.505485822598769 6.551045370327262 6.603778862358835 6.677237654487524 6.903239859033045 7.107261861274487 7.386694327005511 7.556175639272569 7.710122269828898 7.736466040269715 7.758028624419272 7.803183281676029 7.82111956130124 7.983114421578556 7.983114421578574 7.983114421578574 7.983114421578574 7.983114421578574 
6.147945202974898 6.155076696418755 6.1641207469614745 6.175535057754918 6.18985551277923 6.207692759152514 6.229719123108641 6.256643118562177 6.289170386214554 6.327952950072783 6.373532811460429 6.445054111542246 6.633978618634062 6.842587246859523 7.071286101546681 7.329503324056572 7.689853479181829 7.731363261064214 7.749287062450649 7.760922370905467 7.825055431451534 7.823790254123173 7.983114421578555 7.983114421578574 7.983114421578574 7.983114421578574 7.983114421578574 
