7.983114120843464 7.983114120843464 7.983114120843464 7.983114120843464 7.983114120843464 7.983114120843464 7.983114120843464 7.983114120843464 7.983114120843464 7.983114120843464 7.983114120843464 7.983114120843464 7.983114120843464 7.983114120843464 7.983114120843464 7.983114120843464 7.983114120843464 7.983114120843464 7.983114120843464 7.983114120843464 7.983114120843464 7.983114120843464 7.983114120843464 7.983114120843464 7.983114120843464 7.983114120843464 7.983114120843464 
7.983114120843464 7.983114120843464 7.983114120843464 7.983114120843464 7.983114120843464 7.983114120843464 7.983114120843464 7.983114120843464 7.983114120843464 7.983114120843464 7.983114120843464 7.983114120843464 7.983114120843464 7.983114120843464 7.983114120843464 7.983114120843464 7.983114120843464 7.983114120843464 7.983114120843464 7.983114120843464 7.983114120843464 7.983114120843464 7.983114120843464 7.983114120843464 7.983114120843464 7.983114120843464 7.983114120843464 
7.983114120843464 7.983114120843464 7.983114120843464 7.983114120843464 7.983114120843464 7.983114120843464 7.983114120843464 7.983114120843464 7.983114120843464 7.983114120843464 7.983114120843464 7.983114120843464 7.983114120843464 7.983114120843464 7.983114120843464 7.983114120843464 7.983114120843464 7.983114120843464 7.983114120843464 7.983114120843464 7.983114120843464 7.983114120843464 7.983114120843464 7.983114120843464 7.983114120843464 7.983114120843464 7.983114120843464 
7.983114120843464 7.983114120843464 7.983114120843464 7.983114120843464 7.983114120843464 7.983114120843464 7.983114120843464 7.983114120843464 7.983114120843464 7.983114120843464 7.983114120843464 7.983114120843464 7.983114120843464 7.983114120843464 7.983114120843464 7.983114120843464 7.983114120843464 7.983114120843464 7.983114120843464 7.983114120843464 7.983114120843464 7.983114120843464 7.983114120843464 7.983114120843464 7.983114120843464 7.983114120843464 7.983114120843464 
7.983114120843464 7.983114120843464 7.983114120843464 7.983114120843464 7.983114120843464 7.983114120843464 7.983114120843464 7.983114120843464 7.983114120843464 7.983114120843464 7.983114120843464 7.983114120843464 7.983114120843464 7.983114120843464 7.983114120843464 7.983114120843464 7.983114120843464 7.983114120843464 7.983114120843464 7.983114120843464 7.983114120843464 7.983114120843464 7.983114120843464 7.983114120843464 7.983114120843464 7.983114120843464 7.983114120843464 
7.983114120843464 7.983114120843464 7.983114120843464 7.983114120843464 7.983114120843464 7.983114120843464 7.983114120843464 7.983114120843464 7.983114120843464 7.983114120843464 7.983114120843464 7.983114120843464 7.983114120843464 7.983114120843464 7.983114120843464 7.983114120843464 7.983114120843464 7.983114120843464 7.983114120843464 7.983114120843464 7.983114120843464 7.983114120843464 7.983114120843464 7.983114120843464 7.983114120843464 7.983114120843464 7.983114120843464 
7.983114120843464 7.983114120843464 7.983114120843464 7.983114120843464 7.983114120843464 7.983114120843464 7.983114120843464 7.983114120843464 7.983114120843464 7.983114120843464 7.983114120843464 7.983114120843464 7.983114120843464 7.983114120843464 7.983114120843464 7.983114120843464 7.983114120843464 7.983114120843464 7.983114120843464 7.983114120843464 7.983114120843464 7.983114120843464 7.983114120843464 7.983114120843464 7.983114120843464 7.983114120843464 7.983114120843464 
7.983114120843464 7.983114120843464 7.983114120843464 7.983114120843464 7.983114120843464 7.983114120843464 7.983114120843464 7.983114120843464 7.983114120843464 7.983114120843464 7.983114120843464 7.983114120843464 7.983114120843464 7.983114120843464 7.983114120843464 7.983114120843464 7.983114120843464 7.983114120843464 7.983114120843464 7.983114120843464 7.983114120843464 7.983114120843464 7.983114120843464 7.983114120843464 7.983114120843464 7.983114120843464 7.983114120843464 
7.983114120843464 7.983114120843464 7.983114120843464 7.983114120843464 7.983114120843464 7.983114120843464 7.983114120843464 7.983114120843464 7.983114120843464 7.983114120843464 7.983114120843464 7.983114120843464 7.983114120843464 7.983114120843464 7.983114120843464 7.983114120843464 7.983114120843464 7.983114120843464 7.983114120843464 7.983114120843464 7.983114120843464 7.983114120843464 7.983114120843464 7.983114120843464 7.983114120843464 7.983114120843464 7.983114120843464 
7.983114120843464 7.983114120843464 7.983114120843464 7.983114120843464 7.983114120843464 7.983114120843464 7.983114120843464 7.983114120843464 7.983114120843464 7.983114120843464 7.983114120843464 7.983114120843464 7.983114120843464 7.983114120843464 7.983114120843464 7.983114120843464 7.983114120843464 7.983114120843464 7.983114120843464 7.983114120843464 7.983114120843464 7.983114120843464 7.983114120843464 7.983114120843464 7.983114120843464 7.983114120843464 7.983114120843464 
7.983114120843464 7.983114120843464 7.983114120843464 7.983114120843464 7.983114120843464 7.983114120843464 7.983114120843464 7.983114120843464 7.983114120843464 7.983114120843464 7.983114120843464 7.983114120843464 7.983114120843464 7.983114120843464 7.983114120843464 7.983114120843464 7.983114120843464 7.983114120843464 7.983114120843464 7.983114120843464 7.983114120843464 7.983114120843464 7.983114120843464 7.983114120843464 7.983114120843464 7.983114120843464 7.983114120843464 
7.983114120843464 7.983114120843464 7.983114120843464 7.983114120843464 7.983114120843464 7.983114120843464 7.983114120843464 7.983114120843464 7.983114120843464 7.983114120843464 7.983114120843464 7.983114120843464 7.983114120843464 7.983114120843464 7.983114120843464 7.983114120843464 7.983114120843464 7.983114120843464 7.983114120843464 7.983114120843464 7.983114120843464 7.983114120843464 7.983114120843464 7.983114120843464 7.983114120843464 7.983114120843464 7.983114120843464 
7.983114120843464 7.983114120843464 7.983114120843464 7.983114120843464 7.983114120843464 7.983114120843464 7.983114120843464 7.983114120843464 7.983114120843464 7.983114120843464 7.983114120843464 7.983114120843464 7.983114120843464 7.983114120843464 7.983114120843464 7.983114120843464 7.983114120843464 7.983114120843464 7.983114120843464 7.983114120843464 7.983114120843464 7.983114120843464 7.983114120843464 7.983114120843464 7.983114120843464 7.983114120843464 7.983114120843464 
7.983114120843464 7.983114120843464 7.983114120843464 7.983114120843464 7.983114120843464 7.983114120843464 7.983114120843464 7.983114120843464 7.983114120843464 7.983114120843464 7.983114120843464 7.983114120843464 7.983114120843464 7.983114120843464 7.983114120843464 7.983114120843464 7.983114120843464 7.983114120843464 7.983114120843464 7.983114120843464 7.983114120843464 7.983114120843464 7.983114120843464 7.983114120843464 7.983114120843464 7.983114120843464 7.983114120843464 
7.983114120843464 7.983114120843464 7.983114120843464 7.983114120843464 7.983114120843464 7.983114120843464 7.983114120843464 7.983114120843464 7.983114120843464 7.983114120843464 7.983114120843464 7.983114120843464 7.983114120843464 7.983114120843464 7.983114120843464 7.983114120843464 7.983114120843464 7.983114120843464 7.983114120843464 7.983114120843464 7.983114120843464 7.983114120843464 7.983114120843464 7.983114120843464 7.983114120843464 7.983114120843464 7.983114120843464 
7.983114120843464 7.983114120843464 7.983114120843464 7.983114120843464 7.983114120843464 7.983114120843464 7.983114120843464 7.983114120843464 7.983114120843464 7.983114120843464 7.983114120843464 7.983114120843464 7.983114120843464 7.983114120843464 7.983114120843464 7.983114120843464 7.983114120843464 7.983114120843464 7.983114120843464 7.983114120843464 7.983114120843464 7.983114120843464 7.983114120843464 7.983114120843464 7.983114120843464 7.983114120843464 7.983114120843464 
7.983114120843463 7.983114120843464 7.983114120843464 7.983114120843464 7.983114120843464 7.983114120843464 7.983114120843464 7.983114120843464 7.983114120843464 7.983114120843464 7.983114120843464 7.983114120843464 7.983114120843464 7.983114120843463 7.983114120843464 7.983114120843464 7.983114120843464 7.983114120843464 7.983114120843464 7.983114120843464 7.983114120843464 7.983114120843464 7.983114120843464 7.983114120843464 7.983114120843464 7.983114120843464 7.983114120843464 
7.982766497857319 7.982797092157875 7.982835178416558 7.9828821313263845 7.982939324039274 7.983007978657534 7.983088957272238 7.983114120843462 7.983114120843464 7.983114120843464 7.983114120843464 7.983114120843464 7.983114120843464 7.983114120843463 7.983114120843463 7.983114120843464 7.983114120843464 7.983114120843464 7.983114120843464 7.983114120843464 7.983114120843464 7.983114120843464 7.983114120843464 7.983114120843464 7.983114120843464 7.983114120843464 7.983114120843464 
7.981966656470659 7.982018127948909 7.982082209805879 7.982161219319549 7.982257473276719 7.982373036847345 7.982509376134438 7.982666941021589 7.982844748396208 7.98304007974787 7.983114120843464 7.983114120843464 7.983114120843464 7.983114120843463 7.983114120843463 7.983114120843463 7.983114120843464 7.983114120843464 7.983114120843464 7.983114120843464 7.983114120843464 7.983114120843464 7.983114120843464 7.983114120843464 7.983114120843464 7.983114120843464 7.983114120843464 
7.9804734773779025 7.980559667833786 7.980666988933274 7.980799331659596 7.980960591079743 7.981154246730239 7.981382780909069 7.981646978740905 7.981945226731892 7.98227300060441 7.982622765176496 7.98298445118803 7.983114120843464 7.983114120843463 7.983114120843463 7.983114120843463 7.983114120843463 7.983114120843464 7.983114120843464 7.983114120843464 7.983114120843464 7.983114120843464 7.983114120843464 7.983114120843464 7.983114120843464 7.983114120843464 7.983114120843464 
7.977788796702413 7.977932355435222 7.9781111453626234 7.978331674226929 7.978600468948534 7.978923378950102 7.979304607456762 7.979745542046505 7.980243577295109 7.980791247100483 7.981376040030163 7.981981177351127 7.982587365736524 7.983114118307428 7.983114120843463 7.983114120843463 7.983114120843463 7.983114120843463 7.983114120843464 7.983114120843464 7.983114120843464 7.983114120843464 7.983114120843464 7.983114120843464 7.983114120843464 7.983114120843464 7.983114120843464 
7.973091031139206 7.973328477063741 7.9736242890178755 7.97398930091482 7.974434410692018 7.974969433894574 7.975601502031685 7.976333118901053 7.977160189745438 7.978070547984052 7.9790436030468115 7.98005158493887 7.981062421416106 7.982043694414477 7.982966681159364 7.983114120843463 7.983114120843463 7.983114120843463 7.983114120843463 7.983114120843464 7.983114120843464 7.983114120843464 7.983114120843464 7.983114120843464 7.983114120843464 7.983114120843464 7.983114120843464 
7.9650542899698245 7.965443111458207 7.965927750642495 7.966526130339387 7.967256362805951 7.96813488847829 7.969173855768087 7.970377914863037 7.9717409299790445 7.97324346727128 7.974852094613683 7.97652130624226 7.9781981736660885 7.979828847559176 7.981365283035922 7.982770473354073 7.983114120843463 7.983114120843463 7.983114120843463 7.983114120843463 7.983114120843464 7.983114120843464 7.983114120843464 7.983114120843464 7.983114120843464 7.983114120843464 7.983114120843464 
7.951606592794205 7.952233819552978 7.953016222571635 7.953983174132524 7.955164569181416 7.956587866879746 7.958273875208888 7.960231525264216 7.962452418396374 7.964906520265198 7.9675407088379915 7.9702815744508735 7.973042748189429 7.975735432264672 7.97827951587678 7.980612432505086 7.982693875573314 7.983114120843463 7.983114120843463 7.983114120843463 7.983114120843464 7.983114120843464 7.983114120843464 7.983114120843464 7.983114120843464 7.983114120843464 7.983114120843464 
7.929668340720396 7.930657485816714 7.931892815125648 7.9334217615464535 7.93529311442574 7.937552472404523 7.940235642324879 7.943360292583159 7.946917013479963 7.950861915742792 7.955113530312737 7.959556420121167 7.96405222785498 7.96845630649498 7.972635858586236 7.976484924651362 7.979932936394542 7.98294600597251 7.983114120843463 7.983114120843463 7.983114120843463 7.983114120843464 7.983114120843464 7.983114120843464 7.983114120843464 7.983114120843464 7.983114120843464 
7.918542849269032 7.918592513191646 7.918656794205084 7.918740050552709 7.918847984545051 7.918988106878743 7.9191704916662005 7.919410379330221 7.921657404516092 7.927839128468504 7.934550238208709 7.941610465093763 7.94880449702224 7.955901687919765 7.962684597326658 7.968974098039435 7.974645113510084 7.979630946514792 7.983114120843463 7.983114120843463 7.983114120843463 7.983114120843464 7.983114120843464 7.983114120843464 7.983114120843464 7.983114120843464 7.983114120843464 
7.918479148398191 7.918510320420405 7.918550663225793 7.918602906323889 7.918670612972316 7.918758449459457 7.918872551449148 7.919021029475582 7.9192146793456635 7.919468006430302 7.919800773983675 7.920240885839052 7.923697821581916 7.934869490929527 7.945666879985133 7.955786872711754 7.965006983604169 7.9731933718286285 7.980296847275447 7.983114120843463 7.983114120843463 7.983114120843464 7.983114120843464 7.983114120843464 7.983114120843464 7.983114120843464 7.983114120843464 
7.918440116509121 7.918459905404807 7.918485516745326 7.918518683819136 7.91856166954997 7.918617437622429 7.918689885232255 7.918784163956596 7.91890712951828 7.91906798515804 7.919279225000088 7.919558059796813 7.9199286563637505 7.920425876309343 7.921104810425736 7.933346443332309 7.948052756554669 7.961316964050976 7.973000955264274 7.983052200509301 7.983114120843463 7.983114120843463 7.983114120843464 7.983114120843464 7.983114120843464 7.983114120843464 7.983114120843464 
7.91841589576395 7.918428612530067 7.9184450711910275 7.918466385848055 7.918494011143414 7.918529852352117 7.918576415148307 7.918637012105246 7.918716052159072 7.918819454589905 7.918955255570401 7.919134522944301 7.919372784344003 7.919692350961518 7.920126295733705 7.920725754284122 7.921580712244326 7.940166258442222 7.959110698893799 7.975848451449362 7.983114120843463 7.983114120843463 7.983114120843464 7.983114120843464 7.983114120843464 7.983114120843464 7.983114120843464 
7.918400723405884 7.918409007831599 7.918419730051173 7.918433615958704 7.918451613374245 7.918474963816932 7.918505300157548 7.918544781282562 7.918596280881685 7.918663657454137 7.918752149860454 7.918868973632055 7.919024251017486 7.919232521276902 7.919515314422706 7.919905802042593 7.920457845673784 7.921265602346486 7.933562918657385 7.9609897096063635 7.983114120843463 7.983114120843463 7.983114120843464 7.983114120843464 7.983114120843464 7.983114120843464 7.983114120843464 
7.918391119498254 7.918396597595054 7.918403687733221 7.918412869954304 7.918424771080689 7.9184402121975666 7.918460273261868 7.918486382207335 7.918520439872633 7.918564998682553 7.918623524400388 7.918700790654194 7.918803493993537 7.918941251808829 7.91912830022736 7.919386553376228 7.91975151966523 7.920284827626366 7.921104248492529 7.93145425655989 7.973744277557444 7.983114120843463 7.983114120843464 7.983114120843464 7.983114120843464 7.983114120843464 7.983114120843464 
7.918384967697504 7.918388647937482 7.918393411179685 7.918399579937021 7.918407575343659 7.91841794906251 7.918431426704747 7.918448967715401 7.918471849339509 7.918501786720529 7.918541108831438 7.91859302361806 7.918662031243654 7.9187545942299895 7.918880276625526 7.919053793348478 7.919298962703875 7.919657033315215 7.920206409589143 7.921117902778901 7.9433736405611235 7.983114120843463 7.983114120843464 7.983114120843464 7.983114120843464 7.983114120843464 7.983114120843464 
7.9183809741542515 7.918383487185773 7.9183867397447365 7.918390952062667 7.918396411718312 7.918403495428758 7.9184126987037615 7.918424676747454 7.918440301809547 7.91846074521793 7.918487597546492 7.918523049707449 7.918570175150455 7.9186333873464765 7.918719217017488 7.918837708993903 7.919005111847378 7.919249528085571 7.919624228889237 7.920244521474043 7.921419038309258 7.983114120843463 7.983114120843464 7.983114120843464 7.983114120843464 7.983114120843464 7.983114120843464 
7.91837834335624 7.918380087433254 7.918382344752639 7.918385268158799 7.9183890572367925 7.918393973436667 7.918400360655505 7.9184086736269 7.918419517728766 7.918433705923991 7.918452342171762 7.918476947123201 7.9185096539748585 7.918553525908811 7.918613095197787 7.918695331483521 7.918811504186646 7.918981087744536 7.919240934122319 7.919670508196746 7.920480336751132 7.983114120843463 7.983114120843464 7.983114120843464 7.983114120843464 7.983114120843464 7.983114120843464 
7.91837658290799 7.918377812407048 7.918379403718465 7.918381464589792 7.918384135718263 7.9183876014124825 7.918392104101992 7.918397964351001 7.918405608922281 7.918415610920172 7.9184287485958205 7.918446093961221 7.918469150854772 7.918500078687874 7.918542072337143 7.9186000441737665 7.918681934958341 7.9188014592669465 7.91898453985268 7.919286935807028 7.919855450555442 7.932613651833277 7.983114120843464 7.983114120843464 7.983114120843464 7.983114120843464 7.983114120843464 
7.918375385590607 7.918376265106763 7.918377403441434 7.91837887766945 7.918380788434822 7.918383267577104 7.918386488509952 7.918390680537086 7.918396148926924 7.918403303628107 7.91841270133523 7.91842510887748 7.918441601977776 7.918463725285315 7.918493764044046 7.918535231684435 7.918593806544685 7.9186792920345725 7.918810203900439 7.919026373888074 7.9198693319624915 7.921884296114403 7.983114120843464 7.983114120843464 7.983114120843464 7.983114120843464 7.983114120843464 
7.91837455790021 7.918375195474041 7.918376020666647 7.9183770893485175 7.918378474474402 7.918380271611034 7.9183826064597405 7.918385645232995 7.91838960920524 7.918394795527384 7.918401607718639 7.918410601614737 7.918422556953324 7.918438593366167 7.91846036726239 7.91849042511324 7.918532882970827 7.918593106344233 7.918805304182301 7.920487632573111 7.917583455534434 7.937778622997495 7.983114120843445 7.983114120843431 7.983114120843432 7.983114120843433 7.983114120843433 
