nan nan nan nan nan nan nan nan nan nan nan nan nan nan nan nan nan nan nan nan nan nan nan nan nan nan nan 
nan nan nan nan nan nan nan nan nan nan nan nan nan nan nan nan nan nan nan nan nan nan nan nan nan nan nan 
nan nan nan nan nan nan nan nan nan nan nan nan nan nan nan nan nan nan nan nan nan nan nan nan nan nan nan 
nan nan nan nan nan nan nan nan nan nan nan nan nan nan nan nan nan nan nan nan nan nan nan nan nan nan nan 
nan nan nan nan nan nan nan nan nan nan nan nan nan nan nan nan nan nan nan nan nan nan nan nan nan nan nan 
nan nan nan nan nan nan nan nan nan nan nan nan nan nan nan nan nan nan nan nan nan nan nan nan nan nan nan 
nan nan nan nan nan nan nan nan nan nan nan nan nan nan nan nan nan nan nan nan nan nan nan nan nan nan nan 
nan nan nan nan nan nan nan nan nan nan nan nan nan nan nan nan nan nan nan nan nan nan nan nan nan nan nan 
nan nan nan nan nan nan nan nan nan nan nan nan nan nan nan nan nan nan nan nan nan nan nan nan nan nan nan 
nan nan nan nan nan nan nan nan nan nan nan nan nan nan nan nan nan nan nan nan nan nan nan nan nan nan nan 
nan nan nan nan nan nan nan nan nan nan nan nan nan nan nan nan nan nan nan nan nan nan nan nan nan nan nan 
nan nan nan nan nan nan nan nan nan nan nan nan nan nan nan nan nan nan nan nan nan nan nan nan nan nan nan 
nan nan nan nan nan nan nan nan nan nan nan nan nan nan nan nan nan nan nan nan nan nan nan nan nan nan nan 
nan nan nan nan nan nan nan nan nan nan nan nan nan nan nan nan nan nan nan nan nan nan nan nan nan nan nan 
nan nan nan nan nan nan nan nan nan nan nan nan nan nan nan nan nan nan nan nan nan nan nan nan nan nan nan 
nan nan nan nan nan nan nan nan nan nan nan nan nan nan nan nan nan nan nan nan nan nan nan nan nan nan nan 
nan nan nan nan nan nan nan nan nan nan nan nan nan nan nan nan nan nan nan nan nan nan nan nan nan nan nan 
6.505392613564649 6.399912502554528 6.217513481751941 5.767682415795375 1.411880057028723 nan nan nan nan nan nan nan nan nan nan nan nan nan nan nan nan nan nan nan nan nan nan 
7.188618857761818 7.162887666837873 7.12848819698708 7.0818149898334335 7.016987785197818 6.923301257045373 6.777378199966004 6.506480251783836 5.006084252627813 nan nan nan nan nan nan nan nan nan nan nan nan nan nan nan nan nan nan 
7.493153112024891 7.4769624919008315 7.455874517446046 7.428300454227189 7.392024744519606 7.343831309438608 7.278752679448896 7.188338274265693 7.05581486118493 6.837530847173568 6.310954554448513 nan nan nan nan nan nan nan nan nan nan nan nan nan nan nan nan 
7.708661773320606 7.69613686774395 7.6799792901037955 7.6591257623513425 7.632180869736648 7.597282595699903 7.551874462545439 7.492277302974639 7.412783185403285 7.303437876316553 7.143352204152754 6.871372698254293 5.949467666776377 nan nan nan nan nan nan nan nan nan nan nan nan nan nan 
7.882967190597969 7.872383924374395 7.858795549187317 7.841368528126382 7.819042807440396 7.790464254141404 7.753883378805109 7.706987069793719 7.6465862319176825 7.567967660287419 7.463374160052078 7.317794422535908 7.093503867092622 6.621267023571484 nan nan nan nan nan nan nan nan nan nan nan nan nan 
8.03236575282839 8.023020841188067 8.01105298989207 7.9957563610085005 7.976249252423882 7.951433388019904 7.919939523180885 7.880046338962099 7.829542779422878 7.765465043923701 7.683542043130917 7.57690282368856 7.43260461056549 7.219690002557706 6.818889434264464 nan nan nan nan nan nan nan nan nan nan nan nan 
8.16327077743977 8.15485249693808 8.14408511842492 8.13034657015655 8.112867523099087 8.090703452502794 8.062701437099053 8.027456296628834 7.983242482126882 7.927890295623902 7.858535486445645 7.771075408424276 7.658892653026404 7.509444764688835 7.292657238114986 6.893984274857926 nan nan nan nan nan nan nan nan nan nan nan 
8.277421665647388 8.269818732799298 8.260097645121547 8.247700620970532 8.231940831144284 8.2119808368565 8.186809593957863 8.155216111218506 8.115753274708286 8.066675434860558 8.005812937825475 7.9303032089491605 7.835992938343271 7.716021506193509 7.5569851809816795 7.32545454572481 6.882583769813981 nan nan nan nan nan nan nan nan nan nan 
8.373596865996653 8.3668217258137 8.358155315518669 8.347097974424745 8.333034220610216 8.31521409930495 8.292734598037594 8.264520985865445 8.229305268435533 8.185592822640382 8.131595899062564 8.065088386259703 7.983084848189512 7.881119076622837 7.751507762609611 7.578472195135663 7.319545789129321 6.754201940799141 nan nan nan nan nan nan nan nan nan 
8.448517446011486 8.442655211772061 8.435148248920287 8.425557285731571 8.413338821630761 8.397827438213824 8.378218221887352 8.35354998450867 8.322688541514434 8.284305489766957 8.236839840218607 8.178414329550383 8.106648113649236 8.018241580454356 7.908033993395771 7.766660083015102 7.573481438959362 7.265252332544448 6.2008172127325265 nan nan nan nan nan nan nan nan 
8.497955029735191 8.493103808919265 8.486881681172633 8.478916508665709 8.468744388594015 8.455792240299344 8.439359630070994 8.418600639956514 8.39250599962762 8.359883548113508 8.319329932453329 8.26917601715326 8.207368563196322 8.131210567882569 8.03678785509356 7.917635685615182 7.7612112631851 7.536885892405794 7.125479728872448 nan nan nan nan nan nan nan nan 
8.518407508105785 8.514609484394391 8.509729744252663 8.503469308201014 8.495452176633028 8.485208748020499 8.47215733951807 8.455584206942014 8.434622291440906 8.408227857809635 8.375151180672319 8.333890697985648 8.28260647075366 8.218941645951498 8.139641067846966 8.039701256101754 7.910291556976905 7.732656826476027 7.452698028038719 6.685743961424463 nan nan nan nan nan nan nan 
8.479855378454204 8.47982906451712 8.479795067593287 8.479751140238935 8.479694374764462 8.479620715842456 8.474471334901871 8.462009944471546 8.446152323043673 8.426037236264168 8.400608709590841 8.368569202918303 8.328303345201078 8.277737375631993 8.21405848995359 8.133118332053918 8.02805446761451 7.8856115490157395 7.673397881499197 7.262040078988717 nan nan nan nan nan nan nan 
8.3727963331779 8.372779910993268 8.372758693479437 8.372731277577019 8.37269584782738 8.37265005389768 8.372590850890017 8.372514290562982 8.37241524743442 8.37228705787673 8.372121041919376 8.37090305374689 8.341438232150962 8.30378696686439 8.25580060901481 8.194077890089378 8.113157748275835 8.003034932175337 7.841472258736212 7.5582905923671895 6.034511663074571 nan nan nan nan nan nan 
8.264178015678153 8.264167719660037 8.264154416994453 8.264137227851059 8.264115013712537 8.264086300496054 8.264049178278498 8.264001170138854 8.263939059993014 8.263858665572219 8.263754537343317 8.263619556315914 8.263444391899881 8.263216762864996 8.262019999092631 8.2184865376205 8.160640412853922 8.081551087143826 7.965904125352895 7.770259632900587 7.234529626367316 nan nan nan nan nan nan 
8.15460405867908 8.154597555387657 8.154589152936374 8.154578295533021 8.154564263942271 8.154546126892667 8.154522677682275 8.154492351238016 8.154453115206117 8.154402326279738 8.154336539555425 8.154251253692514 8.154140567107145 8.153996708813636 8.153809389147328 8.15356488569568 8.153244729578386 8.115469156148176 8.040154630545977 7.917937495081734 7.634824248797937 nan nan nan nan nan nan 
8.044445180338139 8.04444103210936 8.044435672446612 8.044428746805465 8.044419796368867 8.0444082270387 8.044393268977393 8.044373923666898 8.044348894378164 8.044316494424457 8.044274525381724 8.04422011423733 8.044149493580031 8.044057701466123 8.043938165753278 8.045318602720725 8.039997908555215 7.988254025652307 7.908503358767609 7.836364368849352 7.786763504656824 nan nan nan nan nan nan 
7.933927851004909 7.933925173356761 7.933921713728813 7.933917243256875 7.933911465763073 7.933903997735514 7.933894342204889 7.933881854558232 7.9338656976351345 7.933844782468166 7.933817689610782 7.933782563908804 7.933736972427773 7.933677130668135 7.927492798127126 7.9325187569816435 7.933362678184359 7.872499125434691 7.796153188585456 7.721805139094933 7.6661633447314985 7.632098946634155 nan nan nan nan nan 
7.823190147464147 7.823188395358187 7.823186131564302 7.823183206323186 7.823179425826751 7.823174539116262 7.823168220985723 7.823160049607468 7.823149477141434 7.823135790945086 7.823118062071288 7.823095076372634 7.824580215321173 7.834720525659923 7.8224294514209465 7.827350821316412 7.809346396884465 7.750306696319966 7.680971596249601 7.611695758064725 7.564073504569801 7.517821447800919 nan nan nan nan nan 
7.712316282778676 7.712315118994484 7.712313615335661 7.712311672327911 7.71230916123801 7.712305915370632 7.7123017187114495 7.712296291063842 7.712289268524048 7.712280177711056 7.712268401549466 7.715507278249683 7.705868265750405 7.70329466564762 7.694251706760801 7.581476754120465 7.711770202671643 7.653884570053102 7.597368896693633 7.52628805599994 7.464239029339897 7.410301904746974 nan nan nan nan nan 
