nan nan nan nan nan nan nan nan nan nan nan nan nan nan nan nan nan nan nan nan nan nan nan nan nan nan nan 
nan nan nan nan nan nan nan nan nan nan nan nan nan nan nan nan nan nan nan nan nan nan nan nan nan nan nan 
nan nan nan nan nan nan nan nan nan nan nan nan nan nan nan nan nan nan nan nan nan nan nan nan nan nan nan 
nan nan nan nan nan nan nan nan nan nan nan nan nan nan nan nan nan nan nan nan nan nan nan nan nan nan nan 
nan nan nan nan nan nan nan nan nan nan nan nan nan nan nan nan nan nan nan nan nan nan nan nan nan nan nan 
nan nan nan nan nan nan nan nan nan nan nan nan nan nan nan nan nan nan nan nan nan nan nan nan nan nan nan 
nan nan nan nan nan nan nan nan nan nan nan nan nan nan nan nan nan nan nan nan nan nan nan nan nan nan nan 
nan nan nan nan nan nan nan nan nan nan nan nan nan nan nan nan nan nan nan nan nan nan nan nan nan nan nan 
nan nan nan nan nan nan nan nan nan nan nan nan nan nan nan nan nan nan nan nan nan nan nan nan nan nan nan 
nan nan nan nan nan nan nan nan nan nan nan nan nan nan nan nan nan nan nan nan nan nan nan nan nan nan nan 
nan nan nan nan nan nan nan nan nan nan nan nan nan nan nan nan nan nan nan nan nan nan nan nan nan nan nan 
nan nan nan nan nan nan nan nan nan nan nan nan nan nan nan nan nan nan nan nan nan nan nan nan nan nan nan 
nan nan nan nan nan nan nan nan nan nan nan nan nan nan nan nan nan nan nan nan nan nan nan nan nan nan nan 
nan nan nan nan nan nan nan nan nan nan nan nan nan nan nan nan nan nan nan nan nan nan nan nan nan nan nan 
nan nan nan nan nan nan nan nan nan nan nan nan nan nan nan nan nan nan nan nan nan nan nan nan nan nan nan 
nan nan nan nan nan nan nan nan nan nan nan nan nan nan nan nan nan nan nan nan nan nan nan nan nan nan nan 
nan nan nan nan nan nan nan nan nan nan nan nan nan nan nan nan nan nan nan nan nan nan nan nan nan nan nan 
6.950874091773442 6.911329673793405 6.856327176159898 6.777000880254346 6.654947543408906 6.439367068403463 5.815517803754273 nan nan nan nan nan nan nan nan nan nan nan nan nan nan nan nan nan nan nan nan 
7.357990843541576 7.338534570688042 7.312962698406344 7.2791034114488795 7.233757553439559 7.171910122137899 7.08490725448662 6.95532441444898 6.736913601703596 6.177942858239098 nan nan nan nan nan nan nan nan nan nan nan nan nan nan nan nan nan 
7.608098554218515 7.594177834875716 7.5761508358574545 7.55276456991488 7.522334320291898 7.482535690530788 7.430026178564581 7.359674351191681 7.2627543079754915 7.121812449802873 6.890484676865195 6.314163974966108 nan nan nan nan nan nan nan nan nan nan nan nan nan nan nan 
7.800273255957693 7.788922144909588 7.774318920999754 7.755540811396774 7.731398742421516 7.700345887625221 7.660332659999234 7.6085523829579005 7.540943263940668 7.451087849171051 7.327383919381368 7.14388304866603 6.813681046901722 1.5051882008598287 nan nan nan nan nan nan nan nan nan nan nan nan nan 
7.961458091079075 7.951605289822664 7.938973422098128 7.922804989017656 7.902146578219193 7.875797919742482 7.842239986517314 7.799522159390504 7.745062969632376 7.675256895581342 7.584612090922973 7.463607703645973 7.29224612209495 7.012253251703254 6.15375469750601 nan nan nan nan nan nan nan nan nan nan nan nan 
8.1020325593935 8.093206967906351 8.081913153998684 8.067493416656736 8.049131132981296 8.025817882134259 7.996312156940396 7.9590814725875525 7.9122084628406775 7.853216565028603 7.778712622098333 7.683591574210535 7.559073784555729 7.386940840492937 7.115889694297228 6.411819165901862 nan nan nan nan nan nan nan nan nan nan nan 
8.225913623276623 8.217912017924572 8.207681150108492 8.19463349092923 8.178044776710564 8.157030130040734 8.130517395794389 8.097214458320058 8.055561357118794 8.003645201008485 7.939028768264741 7.858382610624103 7.756652345084781 7.6249944601061905 7.44467958200261 7.1616186498530725 6.389656378449372 nan nan nan nan nan nan nan nan nan nan 
8.33343517788594 8.326208593867467 8.316968546928752 8.305185246978063 8.290207075754582 8.271241157488792 8.2473336754688 8.21734913109611 8.17994426925068 8.133524729947034 8.076157060498051 8.00537757410755 7.917769984301321 7.807998809387058 7.666377338717022 7.471427051366953 7.156070512488189 5.882193891466844 nan nan nan nan nan nan nan nan nan 
8.298609947058994 8.29860951898686 8.298608904789477 8.298607984612374 8.298606509464475 8.298603857770381 8.298597903810997 8.29857338352171 8.285823298752597 8.244499197406695 8.1934557936676 8.130733330790463 8.053742862881244 7.958772119117861 7.839762591590912 7.6851217865288035 7.467222555815594 7.0855624595477735 nan nan nan nan nan nan nan nan nan 
8.187504549017637 8.187504441912797 8.187504303053665 8.18750412241728 8.187503886035165 8.187503573472517 8.187503152591184 8.187502567400216 8.187501705736235 8.187500294685101 8.187497431086996 8.18748724904864 8.167827591491761 8.085042531206568 7.9825345375723415 7.8528627614066 7.680725195812795 7.4253659877066935 6.883873506021624 nan nan nan nan nan nan nan nan 
8.076396577711922 8.07639647633329 8.076396347902396 8.076396185954893 8.076395982834782 8.076395729559394 8.076395415558775 8.076395027999908 8.076394549956412 8.076393955536405 8.076393196663108 8.076392163590592 8.076390538160092 8.076386936206708 8.076356307798195 7.989837122631577 7.847176439060517 7.649413968051076 7.323649727371574 5.1177547192556405 nan nan nan nan nan nan nan 
7.965289164474226 7.965289029488362 7.965288859498759 7.965288646856177 7.965288383035719 7.96528805895718 7.965287665512327 7.965287194258188 7.965286638086878 7.965285991412104 7.965285248927029 7.96528440096249 7.9652834205363945 7.9652822257241915 7.9652805397206725 7.965277012287663 7.965223062180429 7.821061420824022 7.580048983986242 7.071535660069287 nan nan nan nan nan nan nan 
7.854183193361737 7.854182997530484 7.854182751336797 7.854182444068114 7.854182064012197 7.854181599093199 7.854181037912976 7.854180371208493 7.854179593588563 7.854178705178595 7.854177712512788 7.8541766277190685 7.8541754647007975 7.854174230074127 7.854172902446642 7.8541713728634575 7.854169178728816 7.854162619016432 7.769445414042355 7.435533508143417 nan nan nan nan nan nan nan 
7.74307945406254 7.743079164954523 7.743078801699173 7.743078348665083 7.743077788870519 7.743077104997358 7.743076281043625 7.743075304652024 7.743074169949344 7.743072880419936 7.743071450989867 7.74306990827264 7.7430682879848725 7.743066628852782 7.743064962320818 7.743063295061566 7.743061568593172 7.743059502169002 7.743055253344712 7.676119782198632 6.959368796042906 nan nan nan nan nan nan 
7.631978879118261 7.631978453775735 7.631977919456788 7.631977253263374 7.63197643037727 7.631975425590066 7.631974215791197 7.631972783477933 7.631971121056302 7.6319692352545205 7.631967150483386 7.631964909701186 7.631962571563521 7.631960203457312 7.631957871061689 7.631955625359222 7.631953485543453 7.63195140391271 7.631949124963944 7.631944852036741 7.45846700789468 nan nan nan nan nan nan 
7.520882626413288 7.520882007403694 7.52088122986436 7.520880260529658 7.520879063378216 7.520877601880999 7.5208758426534255 7.520873760608884 7.520871345281431 7.520868607339769 7.520865583612916 7.520862338565362 7.520858960529872 7.520855552310112 7.520852217569395 7.520849045687746 7.520846097194315 7.520843387602366 7.520840850787233 7.520838152670758 7.520831752760567 nan nan nan nan nan nan 
7.409792140523814 7.409791251817664 7.409790135553209 7.4097887440078605 7.40978702552662 7.409784927762205 7.409782402937882 7.409779415271592 7.409775950090242 7.409772023230693 7.4097676883254815 7.40976303902775 7.409758203782326 7.409753332665929 7.409748578514257 7.409744076651085 7.409739927583029 7.409736184181895 7.4097328373317595 7.409729764665467 7.409726323138715 nan nan nan nan nan nan 
7.2987092230542885 7.2987079651916265 7.298706385272862 7.298704415775647 7.298701983627044 7.298699014797954 7.2986954417633685 7.298691214027238 7.298686311043695 7.298680755552857 7.298674623932708 7.298668049406991 7.298661214740021 7.298654333780299 7.298647625078305 7.2986412838849155 7.2986354592379215 7.29863023994399 7.298625647326283 7.298621619287613 7.2986179058477 7.216208645590853 nan nan nan nan nan 
7.187636127707765 7.187634371805523 7.187632166348952 7.187629417095764 7.187626022065218 7.187621877956788 7.1876168905719755 7.187610989516583 7.18760414625213 7.18759639273033 7.187587835868826 7.187578662064945 7.187569127054183 7.187559530242944 7.1875501780625015 7.187541345246964 7.187533243651041 7.187526004648851 7.1875196730650535 7.187516301530144 7.183343484399989 7.147033834079622 nan nan nan nan nan 
7.0765756924278325 7.076573272499602 7.076570233019046 7.076566444112849 7.07656176524818 7.07655605408224 7.076549180829904 7.076541048532647 7.076531617946502 7.076520933236018 7.076509141942518 7.0764965012297765 7.076483363944019 7.0764701433008765 7.076457262488752 7.076445101956745 7.076433774091434 7.076458442711847 7.073420396579639 7.051553544552755 7.100650651711316 6.939985215989109 nan nan nan nan nan 
