nan nan nan nan nan nan nan nan nan nan nan nan nan nan nan nan nan nan nan nan nan nan nan nan nan nan nan 
nan nan nan nan nan nan nan nan nan nan nan nan nan nan nan nan nan nan nan nan nan nan nan nan nan nan nan 
nan nan nan nan nan nan nan nan nan nan nan nan nan nan nan nan nan nan nan nan nan nan nan nan nan nan nan 
nan nan nan nan nan nan nan nan nan nan nan nan nan nan nan nan nan nan nan nan nan nan nan nan nan nan nan 
nan nan nan nan nan nan nan nan nan nan nan nan nan nan nan nan nan nan nan nan nan nan nan nan nan nan nan 
nan nan nan nan nan nan nan nan nan nan nan nan nan nan nan nan nan nan nan nan nan nan nan nan nan nan nan 
nan nan nan nan nan nan nan nan nan nan nan nan nan nan nan nan nan nan nan nan nan nan nan nan nan nan nan 
nan nan nan nan nan nan nan nan nan nan nan nan nan nan nan nan nan nan nan nan nan nan nan nan nan nan nan 
nan nan nan nan nan nan nan nan nan nan nan nan nan nan nan nan nan nan nan nan nan nan nan nan nan nan nan 
nan nan nan nan nan nan nan nan nan nan nan nan nan nan nan nan nan nan nan nan nan nan nan nan nan nan nan 
nan nan nan nan nan nan nan nan nan nan nan nan nan nan nan nan nan nan nan nan nan nan nan nan nan nan nan 
nan nan nan nan nan nan nan nan nan nan nan nan nan nan nan nan nan nan nan nan nan nan nan nan nan nan nan 
nan nan nan nan nan nan nan nan nan nan nan nan nan nan nan nan nan nan nan nan nan nan nan nan nan nan nan 
nan nan nan nan nan nan nan nan nan nan nan nan nan nan nan nan nan nan nan nan nan nan nan nan nan nan nan 
nan nan nan nan nan nan nan nan nan nan nan nan nan nan nan nan nan nan nan nan nan nan nan nan nan nan nan 
nan nan nan nan nan nan nan nan nan nan nan nan nan nan nan nan nan nan nan nan nan nan nan nan nan nan nan 
nan nan nan nan nan nan nan nan nan nan nan nan nan nan nan nan nan nan nan nan nan nan nan nan nan nan nan 
6.505366252344112 6.3998795659288366 6.217464620459119 5.767549069898025 1.4094387604822156 nan nan nan nan nan nan nan nan nan nan nan nan nan nan nan nan nan nan nan nan nan nan 
7.188611770088753 7.162880297836499 7.128480423486011 7.08180661130688 7.016978446652413 6.92329024418539 6.777363726567963 6.5064552403372815 5.005538085191604 nan nan nan nan nan nan nan nan nan nan nan nan nan nan nan nan nan nan 
7.493148534777404 7.476957837423013 7.455869757021891 7.428295545745364 7.392019623881845 7.34382587403655 7.278746752961611 7.188331519994085 7.05580651591949 6.837518511749533 6.31091820950976 nan nan nan nan nan nan nan nan nan nan nan nan nan nan nan nan 
7.708658115616511 7.696133181063359 7.679975563926002 7.659121981597006 7.632177012279647 7.597278628112515 7.55187033238457 7.492272923639436 7.4127784029085095 7.303432383560718 7.143345255442265 6.871361569990069 5.949389904524553 nan nan nan nan nan nan nan nan nan nan nan nan nan nan 
7.882963927358013 7.872380652407509 7.858792264725119 7.841365225512998 7.819039478069256 7.790460884725427 7.753879948483155 7.706983545074249 7.6465825572277595 7.5679637384573395 7.463369805765787 7.317789224598824 7.093496600916303 6.621249491113933 nan nan nan nan nan nan nan nan nan nan nan nan nan 
8.032362573256728 8.02301766704668 8.011049821479773 7.995753197963835 7.976246093131473 7.951430228648086 7.919936356143585 7.880043150449273 7.829539545309549 7.765461722525869 7.683538560928473 7.576899042618123 7.432600235669328 7.219684219076239 6.818877965283831 nan nan nan nan nan nan nan nan nan nan nan nan 
8.163267311938526 8.154849057289738 8.144081709704896 8.130343197612621 8.112864191621814 8.090700165770969 8.062698196302078 8.027453098648376 7.9832393169819005 7.927887142733171 7.858532308550808 7.7710721400141685 7.658889173836092 7.509440824435817 7.292652161568617 6.893974628521927 nan nan nan nan nan nan nan nan nan nan nan 
8.277416869125112 8.269814038525634 8.260093071563524 8.24769618688234 8.231936554093423 8.211976731319105 8.186805669139307 8.15521236883761 8.11574970696071 8.066672022571314 8.00580964833113 7.930299992350008 7.835989718747572 7.716018158592724 7.556981460419584 7.3254497929504145 6.882574241267753 nan nan nan nan nan nan nan nan nan nan 
8.373563328429888 8.366795772167803 8.358135059665697 8.347082027212155 8.333021547107283 8.315203921217487 8.29272632537835 8.264514168066686 8.229299558644858 8.185587951041171 8.1315916522754 8.065084590451885 7.983081353381869 7.881115738104654 7.751504409107239 7.578468545415879 7.319541091129658 6.754190264119002 nan nan nan nan nan nan nan nan nan 
8.28441289944509 8.28441268424612 8.284412394232213 8.284411995337582 8.284411428601697 8.284410579312915 8.284409183819049 8.28440645521772 8.284398456648558 8.283469230342483 8.236824324192487 8.178406492570668 8.106642736882353 8.018237331799426 7.908030300434722 7.766656583344588 7.573477733781129 7.26524739141158 6.200782365566423 nan nan nan nan nan nan nan nan 
8.173307422139157 8.17330721356553 8.17330695565486 8.173306639688562 8.173306256411582 8.173305795819479 8.173305245905148 8.17330458873603 8.173303789703146 8.173302766965937 8.173301287173885 8.173298441428116 8.173285510496548 8.131193290468412 8.036781294890847 7.917631196456069 7.761207447754022 7.536882003159265 7.125473906585009 nan nan nan nan nan nan nan nan 
8.062213376825664 8.06221208050122 8.062210597259607 8.06220894161356 8.062207143298728 8.062205246134234 8.062203303608582 8.06220137156703 8.062199499215625 8.062197719678142 8.062196039720003 8.062194423098688 8.062192743359383 8.062190575391012 8.06218539100755 8.039669358957916 7.910285142901847 7.732652480215086 7.45269378913895 6.685732526908196 nan nan nan nan nan nan nan 
8.052326587441682 8.045064716868866 8.035750397247373 8.023824709913288 8.008588873591236 7.989180257551528 7.9646434237133175 7.951298420577954 7.951147227846018 7.951114729112772 7.951100861178759 7.951093308804635 7.951088604082512 7.951085353852761 7.951082797942689 7.951080149353788 7.951073671668549 7.885598362064625 7.673392787318099 7.262035069032903 nan nan nan nan nan nan nan 
8.175808405488333 8.16931282598395 8.16098657829305 8.150334720873882 8.136740290121871 8.119439843252296 8.097495633792263 8.069762720761979 8.034845913490532 7.991033754138918 7.936181634500331 7.86754133865948 7.840039505459087 7.839992046974285 7.839980343061254 7.8399749513739625 7.839971513171855 7.839967806120423 7.839521327615825 7.558284764700884 6.034475569793684 nan nan nan nan nan nan 
8.280398335720612 8.274623306990733 8.267220289474151 8.257749388430067 8.24566296485493 8.230285071319852 8.210789300936609 8.186174966020738 8.155239798579052 8.116542932403286 8.068342200728768 8.008469675172055 7.934066719793832 7.8410008231107176 7.729517928980746 7.728884999325948 7.728868417939948 7.72886244533297 7.72885842241318 7.7288367354734495 7.234523213119134 nan nan nan nan nan nan 
8.36379359806256 8.358775787155647 8.352339067125191 8.34409758517689 8.333569817859622 8.320160000228483 8.303138381195467 8.281620901919059 8.254548152311026 8.2206609885338 8.178464308220335 8.126158303353256 8.061492269692001 7.981444586352099 7.8815049283145004 7.753950452276373 7.6178964416650885 7.617764136882955 7.617753011228356 7.6177478905526055 7.617665739098123 nan nan nan nan nan nan 
8.422194891280853 8.418002813159557 8.412619167053048 8.405716162526678 8.39688256892486 8.385606394190205 8.371256000780054 8.35306031370039 8.330088610619786 8.301229174893251 8.265162636338694 8.220318137297951 8.164785122923373 8.096123084064743 8.010944348518347 7.903966896187574 7.765650351394947 7.575066401213503 7.506661249278759 7.5066425134165495 7.506636065650093 nan nan nan nan nan nan 
8.451920146216546 8.448595312549177 8.444319685965407 8.438828066638367 8.43178549269351 8.422771414344922 8.411261661021747 8.396608504539232 8.378019184892182 8.354532790250522 8.324993560507947 8.288014067040919 8.241911842145363 8.184583212127622 8.113236859759393 8.023811500158905 7.909618765715762 7.757727755857275 7.536537935170872 7.395552422450896 7.39553010861269 nan nan nan nan nan nan 
8.396094742654387 8.396063572482683 8.396023301688087 8.39597126830962 8.395904028480853 8.3958171245664 8.395704783074546 8.39555952009632 8.394802107821537 8.377286106655847 8.354421899184176 8.32555703990412 8.28923391502695 8.243622533017877 8.186329341403683 8.114001021467022 8.021448279032548 7.8994945096727776 7.728600474414848 7.4517638875872425 7.2844322029700646 7.202714984863682 nan nan nan nan nan 
8.28973973399785 8.289720148651673 8.289694844409278 8.289662148043494 8.289619894556356 8.289565281157975 8.289494676891731 8.289403373768426 8.289285260325814 8.289132391568984 8.28893441927539 8.288677832075901 8.288344932951413 8.269868262486012 8.226562020705337 8.17130403534824 8.099949986766262 8.00553356972161 7.874401595012482 7.672561340336924 7.2582539093184195 7.156526974357977 nan nan nan nan nan 
