5.600763804785985 5.600763804785985 5.600763804785985 5.600763804785985 5.600763804785985 5.600763804785985 5.600763804785985 5.600763804785985 5.600763804785985 5.600763804785985 5.600763804785985 5.600763804785985 5.600763804785985 5.600763804785985 5.600763804785985 5.600763804785985 5.600763804785985 5.600763804785985 5.600763804785985 5.600763804785985 5.600763804785985 5.600763804785985 5.600763804785985 5.600763804785985 5.600763804785985 5.600763804785985 5.600763804785985 
5.600763804785985 5.600763804785985 5.600763804785985 5.600763804785985 5.600763804785985 5.600763804785985 5.600763804785985 5.600763804785985 5.600763804785985 5.600763804785985 5.600763804785985 5.600763804785985 5.600763804785985 5.600763804785985 5.600763804785985 5.600763804785985 5.600763804785985 5.600763804785985 5.600763804785985 5.600763804785985 5.600763804785985 5.600763804785985 5.600763804785985 5.600763804785985 5.600763804785985 5.600763804785985 5.600763804785985 
5.600763804785985 5.600763804785985 5.600763804785985 5.600763804785985 5.600763804785985 5.600763804785985 5.600763804785985 5.600763804785985 5.600763804785985 5.600763804785985 5.600763804785985 5.600763804785985 5.600763804785985 5.600763804785985 5.600763804785985 5.600763804785985 5.600763804785985 5.600763804785985 5.600763804785985 5.600763804785985 5.600763804785985 5.600763804785985 5.600763804785985 5.600763804785985 5.600763804785985 5.600763804785985 5.600763804785985 
5.600763804785985 5.600763804785985 5.600763804785985 5.600763804785985 5.600763804785985 5.600763804785985 5.600763804785985 5.600763804785985 5.600763804785985 5.600763804785985 5.600763804785985 5.600763804785985 5.600763804785985 5.600763804785985 5.600763804785985 5.600763804785985 5.600763804785985 5.600763804785985 5.600763804785985 5.600763804785985 5.600763804785985 5.600763804785985 5.600763804785985 5.600763804785985 5.600763804785985 5.600763804785985 5.600763804785985 
5.600763804785985 5.600763804785985 5.600763804785985 5.600763804785985 5.600763804785985 5.600763804785985 5.600763804785985 5.600763804785985 5.600763804785985 5.600763804785985 5.600763804785985 5.600763804785985 5.600763804785985 5.600763804785985 5.600763804785985 5.600763804785985 5.600763804785985 5.600763804785985 5.600763804785985 5.600763804785985 5.600763804785985 5.600763804785985 5.600763804785985 5.600763804785985 5.600763804785985 5.600763804785985 5.600763804785985 
5.600763804785985 5.600763804785985 5.600763804785985 5.600763804785985 5.600763804785985 5.600763804785985 5.600763804785985 5.600763804785985 5.600763804785985 5.600763804785985 5.600763804785985 5.600763804785985 5.600763804785985 5.600763804785985 5.600763804785985 5.600763804785985 5.600763804785985 5.600763804785985 5.600763804785985 5.600763804785985 5.600763804785985 5.600763804785985 5.600763804785985 5.600763804785985 5.600763804785985 5.600763804785985 5.600763804785985 
5.600763804785985 5.600763804785985 5.600763804785985 5.600763804785985 5.600763804785985 5.600763804785985 5.600763804785985 5.600763804785985 5.600763804785985 5.600763804785985 5.600763804785985 5.600763804785985 5.600763804785985 5.600763804785985 5.600763804785985 5.600763804785985 5.600763804785985 5.600763804785985 5.600763804785985 5.600763804785985 5.600763804785985 5.600763804785985 5.600763804785985 5.600763804785985 5.600763804785985 5.600763804785985 5.600763804785985 
5.600763804785985 5.600763804785985 5.600763804785985 5.600763804785985 5.600763804785985 5.600763804785985 5.600763804785985 5.600763804785985 5.600763804785985 5.600763804785985 5.600763804785985 5.600763804785985 5.600763804785985 5.600763804785985 5.600763804785985 5.600763804785985 5.600763804785985 5.600763804785985 5.600763804785985 5.600763804785985 5.600763804785985 5.600763804785985 5.600763804785985 5.600763804785985 5.600763804785985 5.600763804785985 5.600763804785985 
5.600763804785985 5.600763804785985 5.600763804785985 5.600763804785985 5.600763804785985 5.600763804785985 5.600763804785985 5.600763804785985 5.600763804785985 5.600763804785985 5.600763804785985 5.600763804785985 5.600763804785985 5.600763804785985 5.600763804785985 5.600763804785985 5.600763804785985 5.600763804785985 5.600763804785985 5.600763804785985 5.600763804785985 5.600763804785985 5.600763804785985 5.600763804785985 5.600763804785985 5.600763804785985 5.600763804785985 
5.600763804785985 5.600763804785985 5.600763804785985 5.600763804785985 5.600763804785985 5.600763804785985 5.600763804785985 5.600763804785985 5.600763804785985 5.600763804785985 5.600763804785985 5.600763804785985 5.600763804785985 5.600763804785985 5.600763804785985 5.600763804785985 5.600763804785985 5.600763804785985 5.600763804785985 5.600763804785985 5.600763804785985 5.600763804785985 5.600763804785985 5.600763804785985 5.600763804785985 5.600763804785985 5.600763804785985 
5.600763804785985 5.600763804785985 5.600763804785985 5.600763804785985 5.600763804785985 5.600763804785985 5.600763804785985 5.600763804785985 5.600763804785985 5.600763804785985 5.600763804785985 5.600763804785985 5.600763804785985 5.600763804785985 5.600763804785985 5.600763804785985 5.600763804785985 5.600763804785985 5.600763804785985 5.600763804785985 5.600763804785985 5.600763804785985 5.600763804785985 5.600763804785985 5.600763804785985 5.600763804785985 5.600763804785985 
5.600763804785985 5.600763804785985 5.600763804785985 5.600763804785985 5.600763804785985 5.600763804785985 5.600763804785985 5.600763804785985 5.600763804785985 5.600763804785985 5.600763804785985 5.600763804785985 5.600763804785985 5.600763804785985 5.600763804785985 5.600763804785985 5.600763804785985 5.600763804785985 5.600763804785985 5.600763804785985 5.600763804785985 5.600763804785985 5.600763804785985 5.600763804785985 5.600763804785985 5.600763804785985 5.600763804785985 
5.600763804785985 5.600763804785985 5.600763804785985 5.600763804785985 5.600763804785985 5.600763804785985 5.600763804785985 5.600763804785985 5.600763804785985 5.600763804785985 5.600763804785985 5.600763804785985 5.600763804785985 5.600763804785985 5.600763804785985 5.600763804785985 5.600763804785985 5.600763804785985 5.600763804785985 5.600763804785985 5.600763804785985 5.600763804785985 5.600763804785985 5.600763804785985 5.600763804785985 5.600763804785985 5.600763804785985 
5.600763804785985 5.600763804785985 5.600763804785985 5.600763804785985 5.600763804785985 5.600763804785985 5.600763804785985 5.600763804785985 5.600763804785985 5.600763804785985 5.600763804785985 5.600763804785985 5.600763804785985 5.600763804785985 5.600763804785985 5.600763804785985 5.600763804785985 5.600763804785985 5.600763804785985 5.600763804785985 5.600763804785985 5.600763804785985 5.600763804785985 5.600763804785985 5.600763804785985 5.600763804785985 5.600763804785985 
5.600763804785982 5.600763804785982 5.600763804785982 5.600763804785983 5.600763804785984 5.600763804785984 5.600763804785984 5.600763804785985 5.600763804785985 5.600763804785985 5.600763804785985 5.600763804785985 5.600763804785985 5.600763804785985 5.600763804785985 5.600763804785985 5.600763804785985 5.600763804785985 5.600763804785985 5.600763804785985 5.600763804785985 5.600763804785985 5.600763804785985 5.600763804785985 5.600763804785985 5.600763804785985 5.600763804785985 
5.600763804785982 5.600763804785982 5.600763804785982 5.600763804785982 5.600763804785982 5.600763804785982 5.600763804785982 5.600763804785982 5.6007638047859825 5.600763804785984 5.600763804785985 5.600763804785985 5.600763804785985 5.600763804785985 5.600763804785985 5.600763804785985 5.600763804785985 5.600763804785985 5.600763804785985 5.600763804785985 5.600763804785985 5.600763804785985 5.600763804785985 5.600763804785985 5.600763804785985 5.600763804785985 5.600763804785985 
5.600763804785982 5.600763804785982 5.600763804785982 5.600763804785982 5.600763804785982 5.600763804785982 5.600763804785982 5.600763804785982 5.600763804785982 5.600763804785982 5.600763804785982 5.600763804785984 5.600763804785984 5.600763804785985 5.600763804785985 5.600763804785985 5.600763804785985 5.600763804785985 5.600763804785985 5.600763804785985 5.600763804785985 5.600763804785985 5.600763804785985 5.600763804785985 5.600763804785985 5.600763804785985 5.600763804785985 
5.600549443404341 5.6005958287870055 5.600653568435798 5.600724734517488 5.600763803062231 5.600763804785982 5.600763804785982 5.600763804785982 5.600763804785982 5.600763804785982 5.600763804785982 5.600763804785982 5.600763804785982 5.600763804785984 5.600763804785985 5.600763804785985 5.600763804785985 5.600763804785985 5.600763804785985 5.600763804785985 5.600763804785985 5.600763804785985 5.600763804785985 5.600763804785985 5.600763804785985 5.600763804785985 5.600763804785985 
5.599427064481243 5.599505223459208 5.599602518603062 5.599722459465499 5.599868550846683 5.600043910990786 5.60025074440399 5.6004897103329645 5.600755174228164 5.600763804785982 5.600763804785982 5.600763804785982 5.600763804785982 5.600763804785982 5.600763804785983 5.600763804785985 5.600763804785985 5.600763804785985 5.600763804785985 5.600763804785985 5.600763804785985 5.600763804785985 5.600763804785985 5.600763804785985 5.600763804785985 5.600763804785985 5.600763804785985 
5.597274235125072 5.597405491662974 5.597568893218295 5.597770339941302 5.598015726852582 5.598310303118056 5.59865778669187 5.599059302868648 5.599512325830814 5.600009913454939 5.600540571578565 5.600763804785982 5.600763804785982 5.600763804785982 5.600763804785982 5.600763804785982 5.600763804785985 5.600763804785985 5.600763804785985 5.600763804785985 5.600763804785985 5.600763804785985 5.600763804785985 5.600763804785985 5.600763804785985 5.600763804785985 5.600763804785985 
5.593327308991973 5.593547063218799 5.593820655089195 5.594157976987093 5.594568918908852 5.595062296617127 5.595644369085916 5.596317059206209 5.597076177053625 5.597910131901179 5.598799697137867 5.599719241194278 5.600639424646099 5.600763804785982 5.600763804785982 5.600763804785982 5.600763804785982 5.600763804785985 5.600763804785985 5.600763804785985 5.600763804785985 5.600763804785985 5.600763804785985 5.600763804785985 5.600763804785985 5.600763804785985 5.600763804785985 
5.586299520697203 5.58666631483223 5.587123015726438 5.587686168209582 5.588372327603784 5.589196272618072 5.590168529997445 5.591292399369228 5.592560976749793 5.593954988901094 5.59544238330907 5.596980368183105 5.598519908896752 5.600011793899439 5.600763804785982 5.600763804785982 5.600763804785982 5.600763804785982 5.600763804785985 5.600763804785985 5.600763804785985 5.600763804785985 5.600763804785985 5.600763804785985 5.600763804785985 5.600763804785985 5.600763804785985 
5.57403925508979 5.574649436287926 5.5754092887099995 5.5763464133426135 5.5774884625237515 5.578860171631066 5.580479239570447 5.582351367420022 5.584465281900135 5.586789096386866 5.589269588253367 5.591835558649669 5.5944052957962125 5.59689667200503 5.599237328703579 5.600763804785982 5.600763804785982 5.600763804785982 5.600763804785984 5.600763804785985 5.600763804785985 5.600763804785985 5.600763804785985 5.600763804785985 5.600763804785985 5.600763804785985 5.600763804785985 
5.552972853504649 5.5539842450737 5.5552439426235525 5.55679785887355 5.558692064392193 5.560967879075668 5.563655043303209 5.566763472740748 5.570274960951227 5.574137073818276 5.578261865401844 5.582531368874653 5.586809918396374 5.590960879729808 5.594863575064683 5.598426132776386 5.600763804785982 5.600763804785982 5.600763804785982 5.600763804785985 5.600763804785985 5.600763804785985 5.600763804785985 5.600763804785985 5.600763804785985 5.600763804785985 5.600763804785985 
5.517182307909777 5.518853575573798 5.520935463853542 5.523504076305551 5.526635891100641 5.530399677351748 5.534845226900719 5.539989721213712 5.545803974418092 5.5522022532136095 5.559040022555312 5.566122861225702 5.573226665948214 5.580125177833443 5.586617911283877 5.592551468636925 5.597829995484234 5.600763804785982 5.600763804785982 5.600763804785982 5.600763804785985 5.600763804785985 5.600763804785985 5.600763804785985 5.600763804785985 5.600763804785985 5.600763804785985 
5.456758515674524 5.4595233731672055 5.462967082831463 5.467215260952117 5.472394075217876 5.478616923819931 5.485965912100509 5.494469497657385 5.504079993988968 5.514656981528706 5.525963688691471 5.537681563355272 5.549443160488402 5.560876878312294 5.571652361876079 5.581515291909213 5.590304740711088 5.597952600185519 5.600763804785982 5.600763804785982 5.600763804785985 5.600763804785985 5.600763804785985 5.600763804785985 5.600763804785985 5.600763804785985 5.600763804785985 
5.354158339945787 5.35881450600667 5.364606638894715 5.371741222766328 5.380423740555016 5.390836282924035 5.403107020665008 5.417274121194033 5.433250358456189 5.450798154210288 5.469525930992367 5.488913300127618 5.508364464577128 5.5272792060796405 5.545124045669346 5.561486467402729 5.576102105098245 5.588854332868438 5.59975309490827 5.600763804785982 5.600763804785982 5.600763804785985 5.600763804785985 5.600763804785985 5.600763804785985 5.600763804785985 5.600763804785985 
5.1721791082671045 5.1806516022745415 5.191134503749155 5.203964536490436 5.219462024439145 5.237890466483651 5.259405664369721 5.284000742427081 5.311458376625803 5.341324830296225 5.372919265704441 5.405384666451241 5.4377748486302355 5.469160005153121 5.49872678057039 5.5258513859154785 5.550134273322741 5.571397105657789 5.589651753248943 5.600763804785982 5.600763804785982 5.600763804785986 5.600763804785985 5.600763804785985 5.600763804785985 5.600763804785985 5.600763804785985 
4.77816523231384 4.800149069838872 4.826566005582049 4.857828334404118 4.894191052041394 4.935685805669614 4.982067981776657 5.032789572249751 5.087006586355972 5.143623246428473 5.201368364058832 5.258894048589136 5.31488371741243 5.368154865999143 5.417742327045364 5.462950742465299 5.503371106598508 5.538863985684795 5.5695183933346595 5.5955979902066275 5.600763804785982 5.600763804785986 5.600763804785986 5.600763804785985 5.600763804785985 5.600763804785985 5.600763804785985 
nan nan nan nan nan nan 3.690996492773353 4.220825460944964 4.491521898976768 4.685240472077039 4.840432393164038 4.9715020864819435 5.085193733907322 5.185074207627097 5.273209305262049 5.350921961575542 5.419175659341837 5.478774874614093 5.530464172620313 5.574968765832211 5.600763804785982 5.600763804785982 5.600763804785986 5.600763804785985 5.600763804785985 5.600763804785985 5.600763804785985 
nan nan nan nan nan nan nan nan nan nan nan 2.987290423350602 4.449968299386077 4.779299341630094 4.98592928060593 5.139939593243874 5.263519234883171 5.366632143866023 5.454735424361301 5.53130051949659 5.5988509994861015 5.600763804785982 5.600763804785986 5.600763804785986 5.600763804785985 5.600763804785985 5.600763804785985 
nan nan nan nan nan nan nan nan nan nan nan nan nan nan 2.938423256204716 4.604539900916423 4.936454314026618 5.1454890614308475 5.304458590016711 5.437829757725858 5.55968235295453 5.600763804785982 5.600763804785987 5.600763804785986 5.600763804785985 5.600763804785985 5.600763804785985 
nan nan nan nan nan nan nan nan nan nan nan nan nan nan nan nan nan 4.535260807595243 4.972863152317328 5.2315512503521155 5.448813514762046 5.600763804785982 5.600763804785988 5.600763804785986 5.600763804785986 5.600763804785985 5.600763804785985 
nan nan nan nan nan nan nan nan nan nan nan nan nan nan nan nan 2.197182650458511 4.796628863054204 5.055858286359239 5.184248272054635 5.258417207899916 5.600763804785982 5.600763804785988 5.600763804785986 5.600763804785986 5.600763804785985 5.600763804785985 
nan nan nan nan nan nan nan nan nan nan nan nan nan nan nan nan 4.1134731947192815 4.812451413325076 5.039334850232342 5.174599321267557 5.260964975223153 5.305228605719176 5.600763804785988 5.600763804785986 5.600763804785986 5.600763804785986 5.600763804785985 
nan nan nan nan nan nan nan nan nan nan nan nan nan nan nan nan 4.281471176491015 4.781772811664094 4.9927227882084315 5.141460892410375 5.2482100096424995 5.300756278175562 5.600763804785988 5.600763804785986 5.600763804785986 5.600763804785986 5.600763804785986 
nan nan nan nan nan nan nan nan nan nan nan nan nan nan nan nan 4.381812277976518 4.773423015918587 4.960509249462343 5.110629930662924 5.220399818501006 5.290293720764262 5.600763804785988 5.600763804785986 5.600763804785986 5.600763804785986 5.600763804785986 
