5.633166885765184 5.633166885765184 5.633166885765184 5.633166885765184 5.633166885765184 5.633166885765184 5.633166885765184 5.633166885765184 5.633166885765184 5.633166885765184 5.633166885765184 5.633166885765184 5.633166885765184 5.633166885765184 5.633166885765184 5.633166885765184 5.633166885765184 5.633166885765184 5.633166885765184 5.633166885765184 5.633166885765184 5.633166885765184 5.633166885765184 5.633166885765184 5.633166885765184 5.633166885765184 5.633166885765184 
5.633166885765184 5.633166885765184 5.633166885765184 5.633166885765184 5.633166885765184 5.633166885765184 5.633166885765184 5.633166885765184 5.633166885765184 5.633166885765184 5.633166885765184 5.633166885765184 5.633166885765184 5.633166885765184 5.633166885765184 5.633166885765184 5.633166885765184 5.633166885765184 5.633166885765184 5.633166885765184 5.633166885765184 5.633166885765184 5.633166885765184 5.633166885765184 5.633166885765184 5.633166885765184 5.633166885765184 
5.633166885765184 5.633166885765184 5.633166885765184 5.633166885765184 5.633166885765184 5.633166885765184 5.633166885765184 5.633166885765184 5.633166885765184 5.633166885765184 5.633166885765184 5.633166885765184 5.633166885765184 5.633166885765184 5.633166885765184 5.633166885765184 5.633166885765184 5.633166885765184 5.633166885765184 5.633166885765184 5.633166885765184 5.633166885765184 5.633166885765184 5.633166885765184 5.633166885765184 5.633166885765184 5.633166885765184 
5.633166885765184 5.633166885765184 5.633166885765184 5.633166885765184 5.633166885765184 5.633166885765184 5.633166885765184 5.633166885765184 5.633166885765184 5.633166885765184 5.633166885765184 5.633166885765184 5.633166885765184 5.633166885765184 5.633166885765184 5.633166885765184 5.633166885765184 5.633166885765184 5.633166885765184 5.633166885765184 5.633166885765184 5.633166885765184 5.633166885765184 5.633166885765184 5.633166885765184 5.633166885765184 5.633166885765184 
5.633166885765184 5.633166885765184 5.633166885765184 5.633166885765184 5.633166885765184 5.633166885765184 5.633166885765184 5.633166885765184 5.633166885765184 5.633166885765184 5.633166885765184 5.633166885765184 5.633166885765184 5.633166885765184 5.633166885765184 5.633166885765184 5.633166885765184 5.633166885765184 5.633166885765184 5.633166885765184 5.633166885765184 5.633166885765184 5.633166885765184 5.633166885765184 5.633166885765184 5.633166885765184 5.633166885765184 
5.633166885765184 5.633166885765184 5.633166885765184 5.633166885765184 5.633166885765184 5.633166885765184 5.633166885765184 5.633166885765184 5.633166885765184 5.633166885765184 5.633166885765184 5.633166885765184 5.633166885765184 5.633166885765184 5.633166885765184 5.633166885765184 5.633166885765184 5.633166885765184 5.633166885765184 5.633166885765184 5.633166885765184 5.633166885765184 5.633166885765184 5.633166885765184 5.633166885765184 5.633166885765184 5.633166885765184 
5.633166885765184 5.633166885765184 5.633166885765184 5.633166885765184 5.633166885765184 5.633166885765184 5.633166885765184 5.633166885765184 5.633166885765184 5.633166885765184 5.633166885765184 5.633166885765184 5.633166885765184 5.633166885765184 5.633166885765184 5.633166885765184 5.633166885765184 5.633166885765184 5.633166885765184 5.633166885765184 5.633166885765184 5.633166885765184 5.633166885765184 5.633166885765184 5.633166885765184 5.633166885765184 5.633166885765184 
5.633166885765184 5.633166885765184 5.633166885765184 5.633166885765184 5.633166885765184 5.633166885765184 5.633166885765184 5.633166885765184 5.633166885765184 5.633166885765184 5.633166885765184 5.633166885765184 5.633166885765184 5.633166885765184 5.633166885765184 5.633166885765184 5.633166885765184 5.633166885765184 5.633166885765184 5.633166885765184 5.633166885765184 5.633166885765184 5.633166885765184 5.633166885765184 5.633166885765184 5.633166885765184 5.633166885765184 
5.633166885765184 5.633166885765184 5.633166885765184 5.633166885765184 5.633166885765184 5.633166885765184 5.633166885765184 5.633166885765184 5.633166885765184 5.633166885765184 5.633166885765184 5.633166885765184 5.633166885765184 5.633166885765184 5.633166885765184 5.633166885765184 5.633166885765184 5.633166885765184 5.633166885765184 5.633166885765184 5.633166885765184 5.633166885765184 5.633166885765184 5.633166885765184 5.633166885765184 5.633166885765184 5.633166885765184 
5.633166885765184 5.633166885765184 5.633166885765184 5.633166885765184 5.633166885765184 5.633166885765184 5.633166885765184 5.633166885765184 5.633166885765184 5.633166885765184 5.633166885765184 5.633166885765184 5.633166885765184 5.633166885765184 5.633166885765184 5.633166885765184 5.633166885765184 5.633166885765184 5.633166885765184 5.633166885765184 5.633166885765184 5.633166885765184 5.633166885765184 5.633166885765184 5.633166885765184 5.633166885765184 5.633166885765184 
5.633166885765184 5.633166885765184 5.633166885765184 5.633166885765184 5.633166885765184 5.633166885765184 5.633166885765184 5.633166885765184 5.633166885765184 5.633166885765184 5.633166885765184 5.633166885765184 5.633166885765184 5.633166885765184 5.633166885765184 5.633166885765184 5.633166885765184 5.633166885765184 5.633166885765184 5.633166885765184 5.633166885765184 5.633166885765184 5.633166885765184 5.633166885765184 5.633166885765184 5.633166885765184 5.633166885765184 
5.633166885765184 5.633166885765184 5.633166885765184 5.633166885765184 5.633166885765184 5.633166885765184 5.633166885765184 5.633166885765184 5.633166885765184 5.633166885765184 5.633166885765184 5.633166885765184 5.633166885765184 5.633166885765184 5.633166885765184 5.633166885765184 5.633166885765184 5.633166885765184 5.633166885765184 5.633166885765184 5.633166885765184 5.633166885765184 5.633166885765184 5.633166885765184 5.633166885765184 5.633166885765184 5.633166885765184 
5.633166885765184 5.633166885765184 5.633166885765184 5.633166885765184 5.633166885765184 5.633166885765184 5.633166885765184 5.633166885765184 5.633166885765184 5.633166885765184 5.633166885765184 5.633166885765184 5.633166885765184 5.633166885765184 5.633166885765184 5.633166885765184 5.633166885765184 5.633166885765184 5.633166885765184 5.633166885765184 5.633166885765184 5.633166885765184 5.633166885765184 5.633166885765184 5.633166885765184 5.633166885765184 5.633166885765184 
5.633166885765184 5.633166885765184 5.633166885765184 5.633166885765184 5.633166885765184 5.633166885765184 5.633166885765184 5.633166885765184 5.633166885765184 5.633166885765184 5.633166885765184 5.633166885765184 5.633166885765184 5.633166885765184 5.633166885765184 5.633166885765184 5.633166885765184 5.633166885765184 5.633166885765184 5.633166885765184 5.633166885765184 5.633166885765184 5.633166885765184 5.633166885765184 5.633166885765184 5.633166885765184 5.633166885765184 
5.633166885765184 5.633166885765184 5.633166885765184 5.633166885765184 5.633166885765184 5.633166885765184 5.633166885765184 5.633166885765184 5.633166885765184 5.633166885765184 5.633166885765184 5.633166885765184 5.633166885765184 5.633166885765184 5.633166885765184 5.633166885765184 5.633166885765184 5.633166885765184 5.633166885765184 5.633166885765184 5.633166885765184 5.633166885765184 5.633166885765184 5.633166885765184 5.633166885765184 5.633166885765184 5.633166885765184 
5.633166885765184 5.633166885765184 5.633166885765184 5.633166885765184 5.633166885765184 5.633166885765184 5.633166885765184 5.633166885765184 5.633166885765184 5.633166885765184 5.633166885765184 5.633166885765184 5.633166885765184 5.633166885765184 5.633166885765184 5.633166885765184 5.633166885765184 5.633166885765184 5.633166885765184 5.633166885765184 5.633166885765184 5.633166885765184 5.633166885765184 5.633166885765184 5.633166885765184 5.633166885765184 5.633166885765184 
5.633166885765183 5.633166885765184 5.633166885765184 5.633166885765184 5.633166885765184 5.633166885765184 5.633166885765184 5.633166885765184 5.633166885765184 5.633166885765184 5.633166885765184 5.633166885765184 5.633166885765184 5.633166885765184 5.633166885765184 5.633166885765184 5.633166885765184 5.633166885765184 5.633166885765184 5.633166885765184 5.633166885765184 5.633166885765184 5.633166885765184 5.633166885765184 5.633166885765184 5.633166885765184 5.633166885765184 
5.632567357178005 5.632620135651212 5.632685834794739 5.632766823243921 5.632865465620123 5.632983864334743 5.633123498966405 5.633166885765182 5.633166885765184 5.633166885765184 5.633166885765184 5.633166885765184 5.633166885765184 5.633166885765184 5.633166885765184 5.633166885765184 5.633166885765184 5.633166885765184 5.633166885765184 5.633166885765184 5.633166885765184 5.633166885765184 5.633166885765184 5.633166885765184 5.633166885765184 5.633166885765184 5.633166885765184 
5.6311865863544845 5.6312754975063015 5.631386180949907 5.631522631390135 5.6316888388253945 5.631888353963673 5.632123687838821 5.632395592217851 5.632702342440259 5.633039219801372 5.633166885765184 5.633166885765184 5.633166885765184 5.633166885765184 5.633166885765184 5.633166885765184 5.633166885765184 5.633166885765184 5.633166885765184 5.633166885765184 5.633166885765184 5.633166885765184 5.633166885765184 5.633166885765184 5.633166885765184 5.633166885765184 5.633166885765184 
5.628603942494259 5.6287531963038475 5.6289390112231565 5.629168102167631 5.629447180201344 5.629782223648677 5.630177470176351 5.6306342075205436 5.631149566646615 5.631715648278655 5.632319366682173 5.632943291429985 5.633166885765184 5.633166885765184 5.633166885765184 5.633166885765184 5.633166885765184 5.633166885765184 5.633166885765184 5.633166885765184 5.633166885765184 5.633166885765184 5.633166885765184 5.633166885765184 5.633166885765184 5.633166885765184 5.633166885765184 
5.62394404208578 5.624193759904441 5.624504676439695 5.624888046969427 5.625355129313361 5.625915965591356 5.626577695475155 5.627342529744963 5.62820572433839 5.629154108911932 5.630165814095822 5.631211670307831 5.63225828079604 5.63316688130727 5.633166885765184 5.633166885765184 5.633166885765184 5.633166885765184 5.633166885765184 5.633166885765184 5.633166885765184 5.633166885765184 5.633166885765184 5.633166885765184 5.633166885765184 5.633166885765184 5.633166885765184 
5.615738373951229 5.616154721642106 5.6166731710527085 5.61731253652585 5.6180916578640385 5.619027372048147 5.620131699826542 5.621408459279497 5.622849871872316 5.624434085705033 5.62612469465569 5.627873049180899 5.629623370362455 5.631319657832423 5.6329126461233034 5.633166885765184 5.633166885765184 5.633166885765184 5.633166885765184 5.633166885765184 5.633166885765184 5.633166885765184 5.633166885765184 5.633166885765184 5.633166885765184 5.633166885765184 5.633166885765184 
5.601543656967251 5.602235070394743 5.6030961960329755 5.6041583920470295 5.6054531088068495 5.607008527635065 5.608844886539318 5.610968838925837 5.613367780420244 5.616005681598002 5.618822228610522 5.621736609970294 5.624655984857645 5.627486965405768 5.630147213222745 5.6325742154917355 5.633166885765184 5.633166885765184 5.633166885765184 5.633166885765184 5.633166885765184 5.633166885765184 5.633166885765184 5.633166885765184 5.633166885765184 5.633166885765184 5.633166885765184 
5.577325957666483 5.578469034559746 5.579893010414992 5.581649966746861 5.583792244862378 5.586366906683579 5.589408007100417 5.592927236396731 5.596904468911843 5.601280762260732 5.605956805360904 5.610799060485967 5.615653691602137 5.6203655440850975 5.624797387125289 5.628844556843342 5.632442065096734 5.633166885765184 5.633166885765184 5.633166885765184 5.633166885765184 5.633166885765184 5.633166885765184 5.633166885765184 5.633166885765184 5.633166885765184 5.633166885765184 
5.536450227148879 5.538332400417856 5.540677605125314 5.543571964382263 5.54710219788577 5.551346540929729 5.5563620435822 5.562169149289687 5.568736060680461 5.575967069136913 5.5836997915840225 5.591715041647951 5.5997595358163785 5.607576989427569 5.614939775174786 5.621673178007078 5.627667406768573 5.632876989172119 5.633166885765184 5.633166885765184 5.633166885765184 5.633166885765184 5.633166885765184 5.633166885765184 5.633166885765184 5.633166885765184 5.633166885765184 
5.515006896428138 5.5151037647138175 5.515229127653324 5.515391470711044 5.5156018891630225 5.515874985082095 5.516230324586514 5.516697481389724 5.52106152649692 5.532959302549744 5.545702404489843 5.558921547345685 5.5722026469235395 5.585126501382387 5.59731933472267 5.608492079434479 5.61846026384866 5.627143810009074 5.633166885765184 5.633166885765184 5.633166885765184 5.633166885765184 5.633166885765184 5.633166885765184 5.633166885765184 5.633166885765184 5.633166885765184 
5.514882633996594 5.514943443984606 5.5150221380607105 5.51512403493593 5.515256075163747 5.515427343084018 5.5156497756647 5.515939138505269 5.516316393964797 5.516809667897201 5.517457213172721 5.5183129239907425 5.525006008192443 5.546304228313725 5.56643307277144 5.5849187952631265 5.601459502555939 5.615917843460132 5.628298008915618 5.633166885765184 5.633166885765184 5.633166885765184 5.633166885765184 5.633166885765184 5.633166885765184 5.633166885765184 5.633166885765184 
5.514806485227347 5.514845092935906 5.514895057625225 5.514959758491344 5.5150436061720916 5.515152375248638 5.515293655985602 5.515477476255342 5.515717171855355 5.516030629010425 5.516442101976399 5.516984952560641 5.517705939690835 5.518672357309693 5.519990279530376 5.543429596645878 5.570823496611963 5.594873077707023 5.6155803862259726 5.633059989535448 5.633166885765184 5.633166885765184 5.633166885765184 5.633166885765184 5.633166885765184 5.633166885765184 5.633166885765184 
5.514759228798913 5.514784040443352 5.514816151861818 5.514857735777275 5.51491162857026 5.514981544516108 5.515072367020985 5.51519054983183 5.515344678841782 5.515546274543315 5.515810965973655 5.516160258079507 5.516624285132672 5.517246280154692 5.518090204929723 5.519254708641499 5.520912928937342 5.5562326864352105 5.5909138975999415 5.620562835489795 5.633166885765184 5.633166885765184 5.633166885765184 5.633166885765184 5.633166885765184 5.633166885765184 5.633166885765184 
5.514729625152292 5.514745789486154 5.514766709938049 5.514793802428631 5.514828915566811 5.5148744704522965 5.514933650799443 5.515010664970813 5.515111113072861 5.515242511544902 5.515415060909927 5.515642801842794 5.5159454157982175 5.516351144375186 5.516901754979389 5.5176614939567505 5.518734458610984 5.520302119276769 5.543838722717271 5.594286821892174 5.633166885765184 5.633166885765184 5.633166885765184 5.633166885765184 5.633166885765184 5.633166885765184 5.633166885765184 
5.514710885916083 5.514721574879131 5.514735409096484 5.514753325048993 5.514776545475813 5.51480667191746 5.514845810601253 5.514896745990049 5.514963183992195 5.515050099626839 5.515164245990889 5.515314920808393 5.5155151603806845 5.515783674694829 5.516148135766148 5.516651093702213 5.51736139687176 5.518398315207057 5.519989189527219 5.539845711736792 5.616883391043219 5.633166885765184 5.633166885765184 5.633166885765184 5.633166885765184 5.633166885765184 5.633166885765184 
5.514698882256643 5.514706063319354 5.51471535750258 5.514727394025648 5.5147429944777695 5.5147632350303954 5.514789531077817 5.514823753946626 5.514868394485273 5.514926796962983 5.515003501555502 5.515104760233578 5.515239340320918 5.515419826657525 5.515664833264765 5.516002978057275 5.5164805392562375 5.517177560214968 5.518245921261919 5.520015674888155 5.562193879577944 5.633166885765184 5.633166885765184 5.633166885765184 5.633166885765184 5.633166885765184 5.633166885765184 
5.514691089795914 5.514695993394052 5.514702339968384 5.514710559210698 5.514721212195142 5.5147350338765015 5.514752990915634 5.514776361423471 5.51480684675223 5.514846731356174 5.514899116898561 5.514968274924037 5.515060196204935 5.515183480871594 5.515350849797125 5.515581859006465 5.515908121772948 5.516384266972892 5.517113725683365 5.518319989358369 5.52059959180647 5.633166885765184 5.633166885765184 5.633166885765184 5.633166885765184 5.633166885765184 5.633166885765184 
5.514685956374872 5.514689359559112 5.51469376420413 5.514699468533462 5.514706861960445 5.514716454589142 5.51472891735749 5.514745137401221 5.514766295674049 5.5147939779552555 5.514830337428902 5.514878339620214 5.5149421439344355 5.515027721845494 5.515143906335822 5.515304275864438 5.515530775875956 5.515861306904327 5.516367529454426 5.51720377982943 5.518778145517577 5.633166885765184 5.633166885765184 5.633166885765184 5.633166885765184 5.633166885765184 5.633166885765184 
5.514682521232575 5.514684920341273 5.514688025441034 5.514692046769252 5.514697258850396 5.514704021294921 5.514712807102457 5.514724241698463 5.514739157667276 5.5147586730331755 5.514784305917125 5.514818147283764 5.514863130035965 5.514923464999612 5.5150053809575175 5.515118452793879 5.515278153178525 5.515511193733237 5.515868034049209 5.516457118228299 5.517563567088827 5.541992343465542 5.633166885765184 5.633166885765184 5.633166885765184 5.633166885765184 5.633166885765184 
5.514680184913447 5.514681901109312 5.514684122331641 5.514686998971437 5.514690727406455 5.514695564879741 5.514701849746679 5.514710029401468 5.514720699434474 5.514734659639364 5.5147529960499995 5.514777204546231 5.514809383402698 5.514852545247733 5.514911146531021 5.514992037581318 5.515106287227102 5.515272999492995 5.515528240980434 5.5159491464313914 5.516968986032332 5.534796468812535 5.633166885765185 5.633166885765185 5.633166885765185 5.633166885765184 5.633166885765184 
5.514678569841941 5.5146798139394315 5.514681424134762 5.514683509445476 5.514686212223712 5.514689718940961 5.514694274864547 5.514700204301111 5.514707938982096 5.514718058665781 5.514731350611986 5.514748899196487 5.514772225511832 5.514803513538939 5.514845993990149 5.514904632970351 5.514987458566575 5.515108516468382 5.515503264343494 5.516575313647229 5.515747440271862 5.551886103218171 5.633166885765185 5.6331668857651875 5.633166885765188 5.63316688576519 5.63316688576519 
