5.6007632876874265 5.6007632876874265 5.6007632876874265 5.6007632876874265 5.6007632876874265 5.6007632876874265 5.6007632876874265 5.6007632876874265 5.6007632876874265 5.6007632876874265 5.6007632876874265 5.6007632876874265 5.6007632876874265 5.6007632876874265 5.6007632876874265 5.6007632876874265 5.6007632876874265 5.6007632876874265 5.6007632876874265 5.6007632876874265 5.6007632876874265 5.6007632876874265 5.6007632876874265 5.6007632876874265 5.6007632876874265 5.6007632876874265 5.6007632876874265 
5.6007632876874265 5.6007632876874265 5.6007632876874265 5.6007632876874265 5.6007632876874265 5.6007632876874265 5.6007632876874265 5.6007632876874265 5.6007632876874265 5.6007632876874265 5.6007632876874265 5.6007632876874265 5.6007632876874265 5.6007632876874265 5.6007632876874265 5.6007632876874265 5.6007632876874265 5.6007632876874265 5.6007632876874265 5.6007632876874265 5.6007632876874265 5.6007632876874265 5.6007632876874265 5.6007632876874265 5.6007632876874265 5.6007632876874265 5.6007632876874265 
5.6007632876874265 5.6007632876874265 5.6007632876874265 5.6007632876874265 5.6007632876874265 5.6007632876874265 5.6007632876874265 5.6007632876874265 5.6007632876874265 5.6007632876874265 5.6007632876874265 5.6007632876874265 5.6007632876874265 5.6007632876874265 5.6007632876874265 5.6007632876874265 5.6007632876874265 5.6007632876874265 5.6007632876874265 5.6007632876874265 5.6007632876874265 5.6007632876874265 5.6007632876874265 5.6007632876874265 5.6007632876874265 5.6007632876874265 5.6007632876874265 
5.6007632876874265 5.6007632876874265 5.6007632876874265 5.6007632876874265 5.6007632876874265 5.6007632876874265 5.6007632876874265 5.6007632876874265 5.6007632876874265 5.6007632876874265 5.6007632876874265 5.6007632876874265 5.6007632876874265 5.6007632876874265 5.6007632876874265 5.6007632876874265 5.6007632876874265 5.6007632876874265 5.6007632876874265 5.6007632876874265 5.6007632876874265 5.6007632876874265 5.6007632876874265 5.6007632876874265 5.6007632876874265 5.6007632876874265 5.6007632876874265 
5.6007632876874265 5.6007632876874265 5.6007632876874265 5.6007632876874265 5.6007632876874265 5.6007632876874265 5.6007632876874265 5.6007632876874265 5.6007632876874265 5.6007632876874265 5.6007632876874265 5.6007632876874265 5.6007632876874265 5.6007632876874265 5.6007632876874265 5.6007632876874265 5.6007632876874265 5.6007632876874265 5.6007632876874265 5.6007632876874265 5.6007632876874265 5.6007632876874265 5.6007632876874265 5.6007632876874265 5.6007632876874265 5.6007632876874265 5.6007632876874265 
5.6007632876874265 5.6007632876874265 5.6007632876874265 5.6007632876874265 5.6007632876874265 5.6007632876874265 5.6007632876874265 5.6007632876874265 5.6007632876874265 5.6007632876874265 5.6007632876874265 5.6007632876874265 5.6007632876874265 5.6007632876874265 5.6007632876874265 5.6007632876874265 5.6007632876874265 5.6007632876874265 5.6007632876874265 5.6007632876874265 5.6007632876874265 5.6007632876874265 5.6007632876874265 5.6007632876874265 5.6007632876874265 5.6007632876874265 5.6007632876874265 
5.6007632876874265 5.6007632876874265 5.6007632876874265 5.6007632876874265 5.6007632876874265 5.6007632876874265 5.6007632876874265 5.600763287687427 5.6007632876874265 5.6007632876874265 5.6007632876874265 5.6007632876874265 5.6007632876874265 5.6007632876874265 5.6007632876874265 5.6007632876874265 5.6007632876874265 5.6007632876874265 5.6007632876874265 5.6007632876874265 5.6007632876874265 5.6007632876874265 5.6007632876874265 5.6007632876874265 5.6007632876874265 5.6007632876874265 5.6007632876874265 
5.6007632876874265 5.6007632876874265 5.6007632876874265 5.6007632876874265 5.6007632876874265 5.6007632876874265 5.6007632876874265 5.6007632876874265 5.6007632876874265 5.6007632876874265 5.6007632876874265 5.6007632876874265 5.600763287687427 5.6007632876874265 5.6007632876874265 5.6007632876874265 5.6007632876874265 5.6007632876874265 5.6007632876874265 5.6007632876874265 5.6007632876874265 5.6007632876874265 5.6007632876874265 5.6007632876874265 5.6007632876874265 5.6007632876874265 5.6007632876874265 
5.6007632876874265 5.6007632876874265 5.6007632876874265 5.6007632876874265 5.6007632876874265 5.6007632876874265 5.6007632876874265 5.6007632876874265 5.6007632876874265 5.6007632876874265 5.6007632876874265 5.6007632876874265 5.6007632876874265 5.6007632876874265 5.6007632876874265 5.6007632876874265 5.6007632876874265 5.6007632876874265 5.6007632876874265 5.6007632876874265 5.6007632876874265 5.6007632876874265 5.6007632876874265 5.6007632876874265 5.6007632876874265 5.6007632876874265 5.6007632876874265 
5.6007632876874265 5.6007632876874265 5.6007632876874265 5.6007632876874265 5.6007632876874265 5.6007632876874265 5.6007632876874265 5.6007632876874265 5.6007632876874265 5.6007632876874265 5.6007632876874265 5.6007632876874265 5.6007632876874265 5.6007632876874265 5.6007632876874265 5.6007632876874265 5.6007632876874265 5.6007632876874265 5.6007632876874265 5.6007632876874265 5.6007632876874265 5.6007632876874265 5.6007632876874265 5.6007632876874265 5.6007632876874265 5.6007632876874265 5.6007632876874265 
5.6007632876874265 5.600763287687427 5.6007632876874265 5.600763287687427 5.600763287687427 5.6007632876874265 5.6007632876874265 5.6007632876874265 5.6007632876874265 5.6007632876874265 5.6007632876874265 5.6007632876874265 5.6007632876874265 5.6007632876874265 5.6007632876874265 5.6007632876874265 5.6007632876874265 5.6007632876874265 5.6007632876874265 5.6007632876874265 5.6007632876874265 5.6007632876874265 5.6007632876874265 5.6007632876874265 5.6007632876874265 5.6007632876874265 5.6007632876874265 
5.6007632876874265 5.6007632876874265 5.6007632876874265 5.6007632876874265 5.6007632876874265 5.6007632876874265 5.6007632876874265 5.6007632876874265 5.6007632876874265 5.6007632876874265 5.6007632876874265 5.6007632876874265 5.6007632876874265 5.6007632876874265 5.6007632876874265 5.6007632876874265 5.6007632876874265 5.6007632876874265 5.6007632876874265 5.6007632876874265 5.6007632876874265 5.6007632876874265 5.6007632876874265 5.6007632876874265 5.6007632876874265 5.6007632876874265 5.6007632876874265 
5.6007632876874265 5.6007632876874265 5.6007632876874265 5.6007632876874265 5.6007632876874265 5.6007632876874265 5.6007632876874265 5.6007632876874265 5.600763287687427 5.6007632876874265 5.6007632876874265 5.6007632876874265 5.6007632876874265 5.6007632876874265 5.6007632876874265 5.6007632876874265 5.6007632876874265 5.6007632876874265 5.6007632876874265 5.6007632876874265 5.6007632876874265 5.6007632876874265 5.6007632876874265 5.6007632876874265 5.6007632876874265 5.6007632876874265 5.6007632876874265 
5.6007632876874265 5.6007632876874265 5.6007632876874265 5.600763287687427 5.6007632876874265 5.6007632876874265 5.6007632876874265 5.6007632876874265 5.6007632876874265 5.6007632876874265 5.6007632876874265 5.6007632876874265 5.6007632876874265 5.6007632876874265 5.6007632876874265 5.6007632876874265 5.6007632876874265 5.6007632876874265 5.6007632876874265 5.6007632876874265 5.6007632876874265 5.6007632876874265 5.6007632876874265 5.6007632876874265 5.6007632876874265 5.6007632876874265 5.6007632876874265 
5.600763287687425 5.600763287687425 5.600763287687425 5.600763287687425 5.600763287687426 5.6007632876874265 5.6007632876874265 5.600763287687427 5.600763287687427 5.600763287687427 5.6007632876874265 5.6007632876874265 5.6007632876874265 5.6007632876874265 5.6007632876874265 5.6007632876874265 5.6007632876874265 5.6007632876874265 5.6007632876874265 5.6007632876874265 5.6007632876874265 5.6007632876874265 5.6007632876874265 5.6007632876874265 5.6007632876874265 5.6007632876874265 5.6007632876874265 
5.600763287687425 5.600763287687425 5.600763287687425 5.600763287687425 5.600763287687425 5.600763287687425 5.600763287687425 5.600763287687425 5.600763287687425 5.6007632876874265 5.6007632876874265 5.6007632876874265 5.6007632876874265 5.6007632876874265 5.6007632876874265 5.6007632876874265 5.6007632876874265 5.6007632876874265 5.6007632876874265 5.6007632876874265 5.6007632876874265 5.6007632876874265 5.6007632876874265 5.6007632876874265 5.6007632876874265 5.6007632876874265 5.6007632876874265 
5.600763287687425 5.600763287687425 5.600763287687425 5.600763287687425 5.600763287687425 5.600763287687425 5.600763287687425 5.600763287687425 5.600763287687425 5.600763287687425 5.600763287687425 5.600763287687426 5.6007632876874265 5.6007632876874265 5.600763287687427 5.6007632876874265 5.6007632876874265 5.6007632876874265 5.6007632876874265 5.6007632876874265 5.6007632876874265 5.6007632876874265 5.6007632876874265 5.6007632876874265 5.6007632876874265 5.6007632876874265 5.6007632876874265 
5.600548939061525 5.600595324226312 5.600653063606529 5.600724229366066 5.600763285973333 5.600763287687425 5.600763287687425 5.600763287687425 5.600763287687425 5.600763287687425 5.600763287687425 5.600763287687425 5.600763287687425 5.6007632876874265 5.600763287687427 5.6007632876874265 5.600763287687427 5.600763287687427 5.600763287687427 5.6007632876874265 5.6007632876874265 5.6007632876874265 5.6007632876874265 5.6007632876874265 5.6007632876874265 5.6007632876874265 5.6007632876874265 
5.599426567616924 5.599504726221295 5.599602020904809 5.599721961206968 5.599868051916463 5.600043411269887 5.600250243772337 5.600489208678473 5.600754667964084 5.600763287687425 5.600763287687425 5.600763287687425 5.600763287687425 5.600763287687425 5.600763287687425 5.600763287687427 5.600763287687427 5.600763287687427 5.6007632876874265 5.6007632876874265 5.6007632876874265 5.6007632876874265 5.6007632876874265 5.6007632876874265 5.6007632876874265 5.6007632876874265 5.6007632876874265 
5.597273750726543 5.5974050066151 5.597568407370847 5.597769853121523 5.598015238868349 5.598309813764846 5.598657295764228 5.599058810176054 5.599511831216471 5.600009416814454 5.600540072874399 5.600763287687425 5.600763287687425 5.600763287687425 5.600763287687425 5.600763287687425 5.600763287687427 5.600763287687427 5.600763287687427 5.600763287687427 5.600763287687427 5.600763287687427 5.6007632876874265 5.6007632876874265 5.6007632876874265 5.6007632876874265 5.6007632876874265 
5.593326846014481 5.59354659908328 5.593820189529432 5.594157509697933 5.594568449552382 5.595061824835671 5.595643894523022 5.59631658153518 5.597075696010748 5.597909647318028 5.598799208965318 5.599718749511527 5.60063892965334 5.600763287687425 5.600763287687425 5.600763287687425 5.600763287687425 5.600763287687427 5.600763287687427 5.600763287687427 5.600763287687427 5.600763287687427 5.6007632876874265 5.6007632876874265 5.6007632876874265 5.6007632876874265 5.6007632876874265 
5.586299096358836 5.586665888328587 5.587122586565499 5.587685735830651 5.588371891390755 5.589195831925568 5.590168084191559 5.5912919478814045 5.592560519137676 5.593954524905296 5.595441912892198 5.596979891539598 5.598519426429421 5.600011306168429 5.600763287687425 5.600763287687425 5.600763287687425 5.600763287687425 5.600763287687427 5.600763287687427 5.600763287687427 5.600763287687427 5.600763287687427 5.6007632876874265 5.6007632876874265 5.6007632876874265 5.6007632876874265 
5.574038906493808 5.574649083267262 5.575408930281872 5.576346048399764 5.577488089867697 5.578859790031669 5.580478847853593 5.5823509645777865 5.584464867208213 5.586788669505341 5.5892691492843385 5.591835108133089 5.594404834642261 5.596896201380342 5.599236849900368 5.600763287687425 5.600763287687425 5.600763287687425 5.600763287687426 5.600763287687427 5.600763287687427 5.600763287687427 5.600763287687427 5.6007632876874265 5.6007632876874265 5.6007632876874265 5.6007632876874265 
5.552972678378046 5.553984059118336 5.555243743555764 5.556797644185656 5.5586918314607425 5.560967625330463 5.563654766451343 5.566763171020627 5.570274633370233 5.574136720316082 5.57826148688936 5.582530967129474 5.586809495838242 5.59096043913429 5.594863119283012 5.598425664513448 5.600763287687425 5.600763287687425 5.600763287687425 5.600763287687427 5.600763287687427 5.600763287687427 5.600763287687427 5.600763287687427 5.6007632876874265 5.6007632876874265 5.6007632876874265 
5.51718269644056 5.518853922403794 5.5209357615846875 5.5235043174731135 5.526636068746763 5.530399785720047 5.534845262148802 5.539989681993772 5.545803862169986 5.552202072068555 5.559039778851933 5.566122562751711 5.573226321090477 5.5801247948173645 5.586617497621527 5.5925510308197754 5.597829538888615 5.600763287687425 5.600763287687425 5.600763287687425 5.600763287687427 5.600763287687427 5.600763287687427 5.600763287687427 5.6007632876874265 5.6007632876874265 5.6007632876874265 
5.45677094887295 5.459532601123837 5.462973906454559 5.467220270775841 5.472397711827725 5.47861951905925 5.485967717781132 5.494470705912342 5.504080751901571 5.51465740177844 5.52596385740929 5.537681546027519 5.5494430064994225 5.560876624526206 5.571652035511341 5.581514912856878 5.590304323386976 5.597952154980803 5.600763287687425 5.600763287687425 5.600763287687427 5.600763287687427 5.600763287687427 5.600763287687427 5.6007632876874265 5.6007632876874265 5.6007632876874265 
5.4476440336845995 5.447742548066113 5.447870012462332 5.448035022714572 5.448248788981104 5.448525977649177 5.448885869518776 5.4493540436046315 5.449965570036971 5.451136363858072 5.469530604528321 5.48891488431378 5.508365069179957 5.527279356497679 5.545123948779807 5.56148622350488 5.576101768824109 5.588853936219074 5.599752657582639 5.600763287687425 5.600763287687425 5.600763287687427 5.600763287687427 5.600763287687427 5.600763287687427 5.6007632876874265 5.6007632876874265 
5.447518019628879 5.44757998705951 5.447660167743373 5.447763970865892 5.447898450148768 5.448072829841551 5.448299216814272 5.448593576912523 5.448977095220136 5.449478110452479 5.450134945018406 5.45100027333368 5.452150369827586 5.469165266324845 5.498727816317934 5.5258515922848 5.550134150561151 5.571396817525842 5.589651371207527 5.600763287687425 5.600763287687425 5.600763287687427 5.600763287687427 5.600763287687427 5.600763287687427 5.6007632876874265 5.6007632876874265 
5.447439284305226 5.4474787871304216 5.447529887140247 5.4475960247269075 5.447681686644383 5.447792741942004 5.447936897345359 5.4481243221374465 5.448368518789025 5.448687559118958 5.44910588061826 5.449656971515479 5.450387525706309 5.451364169667823 5.452685367497658 5.4629616186966246 5.503372025651544 5.538864036256408 5.569518146200686 5.595597602621994 5.600763287687425 5.600763287687428 5.600763287687427 5.600763287687427 5.600763287687427 5.6007632876874265 5.6007632876874265 
5.437664612890188 5.438485646795796 5.439514905025399 5.4407947957058465 5.442370299993448 5.444285008504596 5.44656680748604 5.447815486988014 5.447985210958398 5.448193344865378 5.448463966353575 5.448819728972586 5.449291092144853 5.449921197501222 5.450773256433266 5.451943594974467 5.453587422001297 5.478778351201335 5.530464435896732 5.574968517466993 5.600763287687425 5.600763287687425 5.600763287687428 5.600763287687427 5.600763287687427 5.6007632876874265 5.6007632876874265 
5.402310782913335 5.403683405311887 5.405404160484711 5.407544043558379 5.410178630963038 5.413382557538867 5.41722091439302 5.421737565786302 5.426941431483343 5.432793215416459 5.439196235408396 5.445990246651792 5.44859734409592 5.449012802957303 5.449570642154677 5.450336206908597 5.4514105460146265 5.452965810536676 5.455494084203854 5.53130090023169 5.598850639043582 5.600763287687425 5.600763287687428 5.600763287687427 5.600763287687427 5.6007632876874265 5.6007632876874265 
5.341456678265457 5.34377028139639 5.346669462173855 5.350272956555342 5.354706774580652 5.360094795989706 5.36654424769705 5.374126143187343 5.382852545444513 5.39265493119629 5.403370117724467 5.414740662529479 5.426433959462735 5.438078194714369 5.448755915695175 5.449313633306329 5.450027543096285 5.451059375665592 5.452621349724513 5.455166736124632 5.559682410259595 5.600763287687425 5.600763287687428 5.600763287687428 5.600763287687427 5.600763287687427 5.6007632876874265 
5.2351214439657445 5.239147292404117 5.244183743331665 5.2504311115406574 5.258099435069399 5.267391569778758 5.278477891511031 5.291463229486266 5.30634972162278 5.323003130680205 5.341133229386599 5.36029879246032 5.379942696949339 5.399453275992453 5.418238295025359 5.435792620589981 5.449128198012158 5.449833433401273 5.450885774197033 5.452591960532363 5.455741130869041 5.600763287687425 5.600763287687429 5.600763287687428 5.600763287687427 5.600763287687427 5.600763287687427 
5.036458462222127 5.04430453978078 5.054057849400216 5.06606341248913 5.080665645202199 5.098173119790793 5.1188111362028135 5.142666119473713 5.169630882371269 5.199364350618119 5.231280826856844 5.264579852651415 5.2983178198451375 5.3315095894569176 5.363238019900113 5.392746680546491 5.419497468026441 5.443183805541821 5.449754805534769 5.450922129280366 5.453045086538939 5.600763287687425 5.600763287687428 5.600763287687428 5.600763287687427 5.600763287687427 5.600763287687427 
4.530664118958898 4.557739119715319 4.589939312223196 4.627618332079988 4.670926501507587 4.7197542456442285 4.7736972095616625 4.832051251806375 4.8938394107078595 4.957867022642189 5.022797679990215 5.087241965933911 5.149851272743881 5.209408585225128 5.264906614714888 5.315602969717125 5.361044521523505 5.401059118467286 5.435718825542764 5.449818810470119 5.451291275797474 5.600763287662236 5.600763287687429 5.600763287687428 5.600763287687427 5.600763287687427 5.600763287687427 
nan nan nan nan nan nan nan nan 2.6289120317962587 4.115274608936311 4.4576969391311625 4.6738647053960705 4.836621808695552 4.968371045290713 5.078790705280868 5.172879693703742 5.2535827613441 5.322859352248847 5.382173115696492 5.432724351930311 5.450117195388575 5.476612830221825 5.60076328768743 5.600763287687427 5.600763287687428 5.600763287687428 5.600763287687428 
nan nan nan nan nan nan nan nan nan nan nan nan nan 4.116273972981239 4.620685853221485 4.870086648403818 5.0412442118242495 5.172408712951446 5.278434435124417 5.366785190742393 5.441885272411749 5.452949490491661 5.600763287687428 5.600763287687429 5.600763287687429 5.600763287687427 5.6007632876874265 
