nan nan nan nan nan nan nan nan nan nan nan nan nan nan nan nan nan nan nan nan nan nan nan nan nan nan nan 
nan nan nan nan nan nan nan nan nan nan nan nan nan nan nan nan nan nan nan nan nan nan nan nan nan nan nan 
nan nan nan nan nan nan nan nan nan nan nan nan nan nan nan nan nan nan nan nan nan nan nan nan nan nan nan 
nan nan nan nan nan nan nan nan nan nan nan nan nan nan nan nan nan nan nan nan nan nan nan nan nan nan nan 
nan nan nan nan nan nan nan nan nan nan nan nan nan nan nan nan nan nan nan nan nan nan nan nan nan nan nan 
nan nan nan nan nan nan nan nan nan nan nan nan nan nan nan nan nan nan nan nan nan nan nan nan nan nan nan 
nan nan nan nan nan nan nan nan nan nan nan nan nan nan nan nan nan nan nan nan nan nan nan nan nan nan nan 
nan nan nan nan nan nan nan nan nan nan nan nan nan nan nan nan nan nan nan nan nan nan nan nan nan nan nan 
nan nan nan nan nan nan nan nan nan nan nan nan nan nan nan nan nan nan nan nan nan nan nan nan nan nan nan 
nan nan nan nan nan nan nan nan nan nan nan nan nan nan nan nan nan nan nan nan nan nan nan nan nan nan nan 
nan nan nan nan nan nan nan nan nan nan nan nan nan nan nan nan nan nan nan nan nan nan nan nan nan nan nan 
nan nan nan nan nan nan nan nan nan nan nan nan nan nan nan nan nan nan nan nan nan nan nan nan nan nan nan 
nan nan nan nan nan nan nan nan nan nan nan nan nan nan nan nan nan nan nan nan nan nan nan nan nan nan nan 
nan nan nan nan nan nan nan nan nan nan nan nan nan nan nan nan nan nan nan nan nan nan nan nan nan nan nan 
nan nan nan nan nan nan nan nan nan nan nan nan nan nan nan nan nan nan nan nan nan nan nan nan nan nan nan 
nan nan nan nan nan nan nan nan nan nan nan nan nan nan nan nan nan nan nan nan nan nan nan nan nan nan nan 
nan nan nan nan nan nan nan nan nan nan nan nan nan nan nan nan nan nan nan nan nan nan nan nan nan nan nan 
-4.128934669671151 -4.234467741251212 -4.416940426101147 -4.866927142421747 -9.2250765084055 nan nan nan nan nan nan nan nan nan nan nan nan nan nan nan nan nan nan nan nan nan nan 
-3.4445667804819085 -3.4703764113385334 -3.504873580372534 -3.5516673328538246 -3.616641588217787 -3.710505150038234 -3.8566385001581107 -4.127785951294928 -5.6289685648600045 nan nan nan nan nan nan nan nan nan nan nan nan nan nan nan nan nan nan 
-3.137877198902875 -3.154199152145823 -3.175450633302693 -3.2032262903298956 -3.239747597940241 -3.2882359226820332 -3.3536625257563544 -3.444479273135706 -3.5774572982507187 -3.796242888018658 -4.3233738463183755 nan nan nan nan nan nan nan nan nan nan nan nan nan nan nan nan 
-2.918420713351707 -2.931165400973658 -2.9475966085571677 -2.9687875110546638 -2.9961434202264705 -3.0315351796768932 -3.077525545092189 -3.1377956408494803 -3.218049276055975 -3.328229246711046 -3.4892059364767904 -3.762109162475195 -4.685001008082524 nan nan nan nan nan nan nan nan nan nan nan nan nan nan 
-2.73708715195456 -2.7480372188748134 -2.762082304794116 -2.780072493271389 -2.803084396275236 -2.832486930153878 -2.8700401186621414 -2.918060385760892 -2.979729944863653 -3.059742769401693 -3.1658240900801484 -3.3129426498945107 -3.5387748084668553 -4.012513798008232 nan nan nan nan nan nan nan nan nan nan nan nan nan 
-2.575428316190816 -2.585383399174319 -2.598111091755837 -2.6143448333896657 -2.634993979689961 -2.6611815443373192 -2.6942944746637445 -2.7360597970822504 -2.7886773048524005 -2.8550789299332093 -2.9394825713096018 -3.0486880484687013 -3.1955565819266694 -3.410963965257839 -3.8141108675702733 nan nan nan nan nan nan nan nan nan nan nan nan 
-2.423457349393256 -2.432886984782335 -2.444914016804604 -2.4602064295267714 -2.479579622792667 -2.5040194425132296 -2.534708553103001 -2.573062055325986 -2.6207872993420693 -2.680001560536648 -2.753481161292288 -2.8452108100690423 -2.961672304955887 -3.115271597652209 -3.3359629406681317 -3.738203018945258 nan nan nan nan nan nan nan nan nan nan nan 
-2.273517810269185 -2.2827918668318965 -2.2945946729749003 -2.3095601135445105 -2.3284514976070776 -2.3521750373546784 -2.381791575963232 -2.4185292961098988 -2.463806138163014 -2.5192820324509784 -2.586982113474539 -2.66957455335544 -2.770988585296642 -2.8978586191783777 -3.0633880201556796 -3.3008532208230976 -3.749007280574599 nan nan nan nan nan nan nan nan nan nan 
-2.116959603396799 -2.126488811909771 -2.138590829742599 -2.153890226517423 -2.173128147674178 -2.1971675807955005 -2.2269933753565194 -2.2637085207993923 -2.308533176210451 -2.362821433691007 -2.4281241880876268 -2.5063489385293707 -2.6001136360712898 -2.713512869375289 -2.853899609357838 -3.036798350394737 -3.3045152152110546 -3.8775138738155377 nan nan nan nan nan nan nan nan nan 
-2.196983117193246 -2.1970818467737296 -2.1972096011838556 -2.197375010330728 -2.197589343333144 -2.1978673812899974 -2.1982286686534636 -2.198699571340649 -2.1993190963421494 -2.2014191164532155 -2.2664582632895725 -2.3442603746968493 -2.4354743152513416 -2.5427940076519913 -2.670845631298823 -2.828581623114028 -3.0363760179967163 -3.3573585277612303 -4.432722274969953 nan nan nan nan nan nan nan nan 
-2.3079625804434585 -2.308024756447718 -2.3081051950422493 -2.3082093141310662 -2.3083441766909223 -2.3085190169758083 -2.3087459538628607 -2.309040971130229 -2.309425288470726 -2.309927326440279 -2.3105856407982572 -2.3114538148593007 -2.3126168422847733 -2.37172395881017 -2.4956985043808246 -2.641972378782467 -2.822678685760866 -3.0682667973203137 -3.4979294475762543 nan nan nan nan nan nan nan nan 
-2.4189778904332986 -2.4190186895829386 -2.419071272834376 -2.4191390660670833 -2.4192265262993926 -2.419339478761507 -2.4194855766905143 -2.4196749335241536 -2.4199210025271376 -2.420241822394552 -2.4206618238519932 -2.421214531370527 -2.421946765300662 -2.4229255772305462 -2.424251959443845 -2.4570442426924446 -2.626838865703434 -2.8399635389950584 -3.1505763400154723 -3.9436170586675345 nan nan nan nan nan nan nan 
-2.4190900084022435 -2.427172912880666 -2.437516490731762 -2.450722068746295 -2.467533409355949 -2.4888567339068044 -2.5156753667264584 -2.5302690493637963 -2.530589966066117 -2.5308305987063417 -2.5311150881285527 -2.5314784031216875 -2.5319544710160775 -2.5325878266021977 -2.5334424414443135 -2.5346154285744156 -2.536265733286484 -2.626931972090446 -2.89082363153237 -3.3466854313878267 nan nan nan nan nan nan nan 
-2.2602543603787395 -2.2681225622816745 -2.278169565145397 -2.2909613056382327 -2.307190323794904 -2.3276946972403065 -2.3534772635544927 -2.385726827978058 -2.425847500946546 -2.4755114442312776 -2.5367665838618003 -2.6122008909460486 -2.6423098215905694 -2.6427727389367544 -2.6433422820471595 -2.644113238488372 -2.645191015796509 -2.6467499873699887 -2.6497247395389976 -3.0067681184845427 -4.598127052203233 nan nan nan nan nan nan 
-2.0948103254985813 -2.1028989573593937 -2.1132011556534396 -2.12627555107901 -2.142795792679458 -2.163561707623591 -2.1895069297141765 -2.221703160120342 -2.261364729819199 -2.30986398174674 -2.368779899949435 -2.4400229703111598 -2.52611922262264 -2.630829354557388 -2.752989969668166 -2.7541806169341174 -2.7549111081100732 -2.7559489132863586 -2.75751491026507 -2.760081983604918 -3.3589111800941973 nan nan nan nan nan nan 
-1.905079828856921 -1.914123488202206 -1.9255966591602103 -1.9400855093175045 -1.958281600163513 -1.9809835525040111 -2.0090914932692994 -2.0435943105209433 -2.0855535522654916 -2.136094125100142 -2.19642090412 -2.2678924720608014 -2.3522024102110737 -2.4517606725940917 -2.5704853496645956 -2.7155941512673456 -2.8649837393008055 -2.8658212794720543 -2.866884745922415 -2.8685960529334946 -2.8718273747246545 nan nan nan nan nan nan 
-1.6480155538950103 -1.660053709574962 -1.6751906653009048 -1.6940992329161877 -1.717535059231074 -1.7463187085543255 -1.781307118376496 -1.8233577887270598 -1.8732942547052214 -1.9318871586786037 -1.9998701734718873 -2.0780136983072004 -2.1672846798755008 -2.269138488345911 -2.386045654335503 -2.522531767312653 -2.6875990995852304 -2.901869387282055 -2.9768455392097466 -2.9780315988175534 -2.980161003842583 nan nan nan nan nan nan 
-1.1124959556960892 -1.142895790119878 -1.1793716092115258 -1.222542248395358 -1.2728929917678138 -1.3307348142530429 -1.3961875314936534 -1.4691947302208797 -1.5495722087694137 -1.6370862153454029 -1.731556102436005 -1.8329798818467273 -1.9416914135522547 -2.058577356051242 -2.185421737909231 -2.3255434525119574 -2.4851777387614793 -2.677083345563748 -2.9329328733256292 -3.0880183709729594 -3.0895131501385205 nan nan nan nan nan nan 
nan nan nan nan nan nan nan nan 0.732211539561989 -0.7717404852342005 -1.1370270229007229 -1.3820596484456866 -1.5811398766223386 -1.758500495226572 -1.9262133468309215 -2.092630655190457 -2.265886465265289 -2.457116825529806 -2.6873246242353805 -3.014712447296805 -3.1994369753722474 -3.075274228130281 nan nan nan nan nan 
nan nan nan nan nan nan nan nan nan nan nan nan nan -0.8801576934489646 -1.4278758154698854 -1.7325345960093166 -1.9750462080117246 -2.2006271261835733 -2.437784823065673 -2.7279758333592055 -3.2173833460470664 -3.2541379153882732 nan nan nan nan nan 
