nan nan nan nan nan nan nan nan nan nan nan nan nan nan nan nan nan nan nan nan nan nan nan nan nan nan nan 
nan nan nan nan nan nan nan nan nan nan nan nan nan nan nan nan nan nan nan nan nan nan nan nan nan nan nan 
nan nan nan nan nan nan nan nan nan nan nan nan nan nan nan nan nan nan nan nan nan nan nan nan nan nan nan 
nan nan nan nan nan nan nan nan nan nan nan nan nan nan nan nan nan nan nan nan nan nan nan nan nan nan nan 
nan nan nan nan nan nan nan nan nan nan nan nan nan nan nan nan nan nan nan nan nan nan nan nan nan nan nan 
nan nan nan nan nan nan nan nan nan nan nan nan nan nan nan nan nan nan nan nan nan nan nan nan nan nan nan 
nan nan nan nan nan nan nan nan nan nan nan nan nan nan nan nan nan nan nan nan nan nan nan nan nan nan nan 
nan nan nan nan nan nan nan nan nan nan nan nan nan nan nan nan nan nan nan nan nan nan nan nan nan nan nan 
nan nan nan nan nan nan nan nan nan nan nan nan nan nan nan nan nan nan nan nan nan nan nan nan nan nan nan 
nan nan nan nan nan nan nan nan nan nan nan nan nan nan nan nan nan nan nan nan nan nan nan nan nan nan nan 
nan nan nan nan nan nan nan nan nan nan nan nan nan nan nan nan nan nan nan nan nan nan nan nan nan nan nan 
nan nan nan nan nan nan nan nan nan nan nan nan nan nan nan nan nan nan nan nan nan nan nan nan nan nan nan 
nan nan nan nan nan nan nan nan nan nan nan nan nan nan nan nan nan nan nan nan nan nan nan nan nan nan nan 
nan nan nan nan nan nan nan nan nan nan nan nan nan nan nan nan nan nan nan nan nan nan nan nan nan nan nan 
nan nan nan nan nan nan nan nan nan nan nan nan nan nan nan nan nan nan nan nan nan nan nan nan nan nan nan 
nan nan nan nan nan nan nan nan nan nan nan nan nan nan nan nan nan nan nan nan nan nan nan nan nan nan nan 
nan nan nan nan nan nan nan nan nan nan nan nan nan nan nan nan nan nan nan nan nan nan nan nan nan nan nan 
-4.128908812793428 -4.234435309186215 -4.416892069637594 -4.86679430167582 -9.222635728947688 nan nan nan nan nan nan nan nan nan nan nan nan nan nan nan nan nan nan nan nan nan nan 
-3.444560189673162 -3.4703695395750715 -3.504866304569719 -3.5516594525858025 -3.6166327486026013 -3.7104946368991505 -3.856624527391722 -4.127761441502865 -5.6284229036882545 nan nan nan nan nan nan nan nan nan nan nan nan nan nan nan nan nan nan 
-3.137873106053918 -3.154194982715878 -3.1754463587259854 -3.2032218686678493 -3.2397429652867125 -3.288230976633185 -3.3536570901967115 -3.444473011556692 -3.57744944759962 -3.7962310492351086 -4.3233380000837895 nan nan nan nan nan nan nan nan nan nan nan nan nan nan nan nan 
-2.9184175186251036 -2.9311621784285866 -2.9475933479391365 -2.9687841975894873 -2.9961400321259406 -3.031531683870961 -3.077521889494213 -3.137791739185306 -3.218044974604076 -3.328224238538362 -3.48919947593885 -3.762098525893722 -4.684923740823459 nan nan nan nan nan nan nan nan nan nan nan nan nan nan 
-2.7370843130529705 -2.748034373411572 -2.7620794494928584 -2.780069623036937 -2.8030815031171255 -2.8324840014304056 -2.8700371341460715 -2.9180573125292457 -2.979726727785847 -3.0597393115674127 -3.1658202062107286 -3.3129379286009337 -3.538768024757867 -4.012496753281691 nan nan nan nan nan nan nan nan nan nan nan nan nan 
-2.575425485215136 -2.5853805780535946 -2.5981082817716667 -2.6143420352878497 -2.6349911930536063 -2.661178766564899 -2.694291699343299 -2.736057011411659 -2.7886744854309944 -2.855076035416901 -2.9394795280761867 -3.0486847179148464 -3.195552668184459 -3.41095865240106 -3.8140998773928514 nan nan nan nan nan nan nan nan nan nan nan nan 
-2.423454059018615 -2.4328837310893547 -2.444910807152369 -2.460203271670735 -2.479576524246842 -2.504016409526611 -2.534705589157894 -2.5730591590656515 -2.6207844617780816 -2.679998761148112 -2.7534783619099352 -2.8452079434041133 -2.961669248323706 -3.1152680979947096 -3.3359583199034346 -3.7381938408721966 nan nan nan nan nan nan nan nan nan nan nan 
-2.2735126252161257 -2.2827868257282367 -2.2945898016857305 -2.3095554382887555 -2.3284470429100947 -2.352170823448986 -2.3817876158965943 -2.418525592948943 -2.4638026826635433 -2.519278801306788 -2.5869790676835738 -2.6695716352302785 -2.77098571055868 -2.8978556545936707 -3.0633847132559344 -3.300848905865852 -3.7489982086239904 nan nan nan nan nan nan nan nan nan nan 
-2.1169136326316087 -2.126453630307241 -2.1385637502665324 -2.1538692694811097 -2.173111837561397 -2.19715480746872 -2.2269832970166523 -2.263700494745676 -2.308526708507171 -2.3628161418420595 -2.428119772582645 -2.506345160049306 -2.6001102952526263 -2.713509784643194 -2.8538965822202047 -3.0367950797272862 -3.3045109345355037 -3.8775026423401155 nan nan nan nan nan nan nan nan nan 
-1.9393928768880382 -1.9499112771883458 -1.963210372928164 -1.9799359199884927 -2.0008369018779915 -2.0267608276639475 -2.058640781731392 -2.097476119639101 -2.144313799895492 -2.2002446473970676 -2.266438073727496 -2.3442509535309712 -2.43546833388163 -2.542789608579021 -2.670842035227312 -2.828578367341363 -3.03637264909262 -3.3573539832777275 -4.4326878651294805 nan nan nan nan nan nan nan nan 
-1.70797606148565 -1.7212997763090123 -1.7380048055302593 -1.7588000107784636 -1.7844696187988673 -1.8158502091380437 -1.8537980172524642 -1.8991520854243038 -1.9527043599519196 -2.0151932651364532 -2.0873413162048498 -2.1699606322517155 -2.26415826838765 -2.3717014202242894 -2.4956909084305656 -2.6419676832540326 -2.8226749930913777 -3.0682631962057307 -3.497924007330232 nan nan nan nan nan nan nan nan 
-1.293509707161793 -1.3192915683982176 -1.350588244283123 -1.388111009156841 -1.432490858362101 -1.4842290406028518 -1.543662625212323 -1.6109573482614727 -1.6861362778688025 -1.7691473715725747 -1.8599691663402496 -1.9587553335572236 -2.066029229612507 -2.1829652030013826 -2.311853242152134 -2.4570014693172824 -2.62683153257534 -2.8399591421625057 -3.1505723482496784 -3.943606011735901 nan nan nan nan nan nan nan 
nan nan nan nan nan nan -0.2502771408252098 -0.7925674994271531 -1.0791215588868326 -1.2929552187666082 -1.4735756665269335 -1.6366848665173768 -1.7906423716599793 -1.9410888149488401 -2.092902798262195 -2.2515556124753617 -2.424873174681063 -2.62691530855209 -2.890818274074854 -3.346680669797231 nan nan nan nan nan nan nan 
nan nan nan nan nan nan nan nan nan nan nan 0.34987211487170766 -1.1422820501888533 -1.5092643577194402 -1.7638806545448555 -1.9796136861082327 -2.1841134695610727 -2.397349194644422 -2.647015148578826 -3.0067619100831373 -4.59809131936483 nan nan nan nan nan nan 
nan nan nan nan nan nan nan nan nan nan nan nan nan nan 0.28986730407219163 -1.4198053462496603 -1.8095658841264333 -2.0976899572407595 -2.372306447617553 -2.7013221077790077 -3.3589047095409517 nan nan nan nan nan nan 
nan nan nan nan nan nan nan nan nan nan nan nan nan nan nan nan nan -1.453543684931628 -1.9664659661721446 -2.3473657382241173 -2.8477412489178455 nan nan nan nan nan nan 
nan nan nan nan nan nan nan nan nan nan nan nan nan nan nan nan 0.7582668867590074 -1.9101454742019526 -2.2456080360968476 -2.420125826188963 -2.512143723570394 nan nan nan nan nan nan 
nan nan nan nan nan nan nan nan nan nan nan nan nan nan nan nan -1.3267930730894402 -2.109785904047948 -2.4124978661372496 -2.5813288576537707 -2.665347071294945 -2.707791254646808 nan nan nan nan nan 
nan nan nan nan nan nan nan nan nan nan nan nan nan nan nan nan -1.6602045165360835 -2.2816802956832016 -2.5606156944966068 -2.7137332166560335 -2.786945120317907 -2.8227342802538637 nan nan nan nan nan 
nan nan nan nan nan nan nan nan nan nan nan nan nan nan nan nan -1.8307801923919298 -2.4497670533061515 -2.6863388923963054 -2.821393553120428 -2.891201784979195 -2.925314674615386 nan nan nan nan nan 
