nan nan nan nan nan nan nan nan nan nan nan nan nan nan nan nan nan nan nan nan nan nan nan nan nan nan nan 
nan nan nan nan nan nan nan nan nan nan nan nan nan nan nan nan nan nan nan nan nan nan nan nan nan nan nan 
nan nan nan nan nan nan nan nan nan nan nan nan nan nan nan nan nan nan nan nan nan nan nan nan nan nan nan 
nan nan nan nan nan nan nan nan nan nan nan nan nan nan nan nan nan nan nan nan nan nan nan nan nan nan nan 
nan nan nan nan nan nan nan nan nan nan nan nan nan nan nan nan nan nan nan nan nan nan nan nan nan nan nan 
nan nan nan nan nan nan nan nan nan nan nan nan nan nan nan nan nan nan nan nan nan nan nan nan nan nan nan 
nan nan nan nan nan nan nan nan nan nan nan nan nan nan nan nan nan nan nan nan nan nan nan nan nan nan nan 
nan nan nan nan nan nan nan nan nan nan nan nan nan nan nan nan nan nan nan nan nan nan nan nan nan nan nan 
nan nan nan nan nan nan nan nan nan nan nan nan nan nan nan nan nan nan nan nan nan nan nan nan nan nan nan 
nan nan nan nan nan nan nan nan nan nan nan nan nan nan nan nan nan nan nan nan nan nan nan nan nan nan nan 
nan nan nan nan nan nan nan nan nan nan nan nan nan nan nan nan nan nan nan nan nan nan nan nan nan nan nan 
nan nan nan nan nan nan nan nan nan nan nan nan nan nan nan nan nan nan nan nan nan nan nan nan nan nan nan 
nan nan nan nan nan nan nan nan nan nan nan nan nan nan nan nan nan nan nan nan nan nan nan nan nan nan nan 
nan nan nan nan nan nan nan nan nan nan nan nan nan nan nan nan nan nan nan nan nan nan nan nan nan nan nan 
nan nan nan nan nan nan nan nan nan nan nan nan nan nan nan nan nan nan nan nan nan nan nan nan nan nan nan 
nan nan nan nan nan nan nan nan nan nan nan nan nan nan nan nan nan nan nan nan nan nan nan nan nan nan nan 
nan nan nan nan nan nan nan nan nan nan nan nan nan nan nan nan nan nan nan nan nan nan nan nan nan nan nan 
-3.7154452483582996 -3.755042444811543 -3.810110641588577 -3.8895179259433115 -4.011669905164954 -4.227368778885016 -4.851357678165861 nan nan nan nan nan nan nan nan nan nan nan nan nan nan nan nan nan nan nan nan 
-3.3069477257666455 -3.326492909771996 -3.3521754654972984 -3.386171202894992 -3.4316832683395724 -3.4937302147795095 -3.580968416305937 -3.7108231607226076 -3.9295407236904003 -4.48884834451601 nan nan nan nan nan nan nan nan nan nan nan nan nan nan nan nan nan 
-3.0542573712294807 -3.068327344381868 -3.0865401583194387 -3.1101555152064866 -3.140864842863183 -3.1809985160716265 -3.233903274565507 -3.304711839282599 -3.40214724162486 -3.543655181429518 -3.775586672770715 -4.352531299417614 nan nan nan nan nan nan nan nan nan nan nan nan nan nan nan 
-2.8574227690818232 -2.869023597948589 -2.8839377383936777 -2.90309921852639 -2.927708369845581 -2.959322060919872 -2.999997018429658 -3.0525421297407993 -3.1210144433514584 -3.2118182426946165 -3.3365338776681908 -3.5210806045955367 -3.8523292168480543 -9.161730663302032 nan nan nan nan nan nan nan nan nan nan nan nan nan 
-2.6880322658258917 -2.6983014147731796 -2.711451731908318 -2.7282595304619295 -2.749697062598583 -2.776981435259401 -2.8116436962629647 -2.855638282842729 -2.9115388851936768 -2.9829291730774283 -3.0752645866864534 -3.198017328488662 -3.371129231221242 -3.652818389082905 -4.5129099315710315 nan nan nan nan nan nan nan nan nan nan nan nan 
-2.5332630805274876 -2.5427800854421276 -2.554935024988027 -2.5704169583440297 -2.5900739587792896 -2.6149426284545427 -2.646284712552658 -2.685639349292021 -2.7349113005333043 -2.796541099523136 -2.873861589465925 -2.9718970187134963 -3.0993341832556522 -3.274298107866568 -3.548009501879255 -4.25450703254361 nan nan nan nan nan nan nan nan nan nan nan 
-2.3851643173435964 -2.3943089995889117 -2.405963843260236 -2.4207684587713683 -2.439499451105551 -2.4630887595965816 -2.4926425942597645 -2.5294647610304084 -2.575095094746785 -2.631387544205983 -2.7006800200498997 -2.7861684328156007 -2.892753329471092 -3.0291230669326437 -3.2138697880764155 -3.5009778899440063 -4.276537669601098 nan nan nan nan nan nan nan nan nan nan 
-2.236767032216675 -2.2458757895041255 -2.2574610411502976 -2.2721387003579365 -2.2906471050849246 -2.3138573663946733 -2.342780351067136 -2.378572001147313 -2.4225437743835188 -2.4761943221436167 -2.5412947140397093 -2.6200894504941377 -2.715741534468794 -2.8333301629942476 -2.982314419411501 -3.183998109593862 -3.5053488772341206 -4.784435080658977 nan nan nan nan nan nan nan nan nan 
-2.2501489323228805 -2.2502462286806937 -2.250372205817584 -2.2505354690524064 -2.2507473626522834 -2.2510231102654514 -2.251384403729254 -2.2518760808217504 -2.2689902106980595 -2.3222120880967867 -2.385998593775979 -2.4619401995089594 -2.5522117669960327 -2.6601063652182626 -2.7913087260854956 -2.957122275859412 -3.1849896909868036 -3.575333333415037 nan nan nan nan nan nan nan nan nan 
-2.361130067932694 -2.3611909850255457 -2.3612698179607814 -2.361371895472387 -2.3615041720823196 -2.3616757525652377 -2.3618986060272538 -2.3621885540587884 -2.3625666711822984 -2.363061356165836 -2.3637117650394632 -2.364577657895839 -2.3909303996544176 -2.4950136800608935 -2.6176505181528356 -2.765808016810263 -2.954486289696881 -3.224303838707174 -3.77817648584773 nan nan nan nan nan nan nan nan 
-2.4721618904691627 -2.4722005995563525 -2.4722506926765653 -2.472315555490187 -2.472399606291046 -2.4725086286429807 -2.4726502233805645 -2.4728344312091712 -2.473074604852681 -2.4733886564277565 -2.4738008882670286 -2.474344771923787 -2.475067384484479 -2.4760374040567235 -2.4773859546859183 -2.587344456968037 -2.7573990405051836 -2.979211092609684 -3.3256826418081356 -5.549057243532465 nan nan nan nan nan nan nan 
-2.583222047278424 -2.5832469939087273 -2.583279275316796 -2.5833210718748347 -2.583375228488279 -2.583445468512665 -2.583536684462395 -2.5836553385273797 -2.5838100237086397 -2.584012266084948 -2.5842777000003627 -2.5846278400707545 -2.5850928475500146 -2.585716037384237 -2.586561648162787 -2.5877296793075732 -2.5894418497106497 -2.768923248564926 -3.0446168965674363 -3.5827791583742443 nan nan nan nan nan nan nan 
-2.694298414744291 -2.694314774909407 -2.694335941554989 -2.694363341314255 -2.6943988345083514 -2.694444854312835 -2.694504595840203 -2.6945822767160568 -2.6946835024380342 -2.6948157893200437 -2.6949893313508753 -2.695218157077462 -2.6955219340511567 -2.6959288972547952 -2.6964808354864838 -2.6972421040470302 -2.698317262835905 -2.6998914832140732 -2.808145291628652 -3.1925052967024956 nan nan nan nan nan nan nan 
-2.8053834148072796 -2.805394392878344 -2.805408590351047 -2.8054269593376464 -2.805450739559032 -2.8054815498738392 -2.8055215125113646 -2.8055734242917616 -2.8056409969965865 -2.8057292021606397 -2.805844777954759 -2.8059969954894903 -2.8061988553495487 -2.806469028795783 -2.8068351563990666 -2.8073397815943837 -2.808051811232325 -2.8090907959917923 -2.810685919136243 -2.897477912491896 -3.691266577954049 nan nan nan nan nan nan 
-2.916471986092118 -2.916479592497355 -2.916489420999529 -2.916502123716011 -2.9165185470542365 -2.9165397923940666 -2.9165672982403565 -2.916602953422429 -2.9166492563827084 -2.916709544662199 -2.916788334025853 -2.9168918334861282 -2.9170287517111344 -2.9172116061539497 -2.917458945156812 -2.91779933565179 -2.918279036666521 -2.918978139255995 -2.9200487792517116 -2.9218228058051516 -3.1374788546370014 nan nan nan nan nan nan 
-3.027560446336362 -3.027565968944095 -3.027573093057761 -3.027582281634777 -3.027594131770663 -3.02760941494924 -3.0276291312159453 -3.027654583768324 -3.0276874844245363 -3.027730106970141 -3.027785516239382 -3.0278579193124124 -3.0279532186288005 -3.0280799115152184 -3.028250615181467 -3.0284847962724557 -3.0288140075323695 -3.0292928623242625 -3.0300248578498685 -3.0312338196413484 -3.0335198219996395 nan nan nan nan nan nan 
-3.1386457988047938 -3.1386500906951853 -3.138655611604658 -3.1386627074793383 -3.138671819387561 -3.138683509780674 -3.1386984973733445 -3.1387177050833657 -3.138742328537543 -3.138773937678299 -3.138814632057157 -3.138867283546201 -3.1389359231058456 -3.1390263721333014 -3.139147310775301 -3.13931218216709 -3.139542831246664 -3.1398771056761685 -3.1403866750764036 -3.1412259981176986 -3.142803805332599 nan nan nan nan nan nan 
-3.249725281132023 -3.2497289381033836 -3.2497336231219083 -3.2497396139473422 -3.249747258177089 -3.2497569894507037 -3.249769348292825 -3.2497850106249615 -3.2498048295773176 -3.2498299004340554 -3.249861664938153 -3.249902080830511 -3.24995389824968 -3.2500211141730495 -3.25010973883295 -3.2502291518627002 -3.2503946768943406 -3.2506329367429836 -3.250994369676664 -3.2515874818944224 -3.252697644194843 -3.220209502529911 nan nan nan nan nan 
-3.3607960401594186 -3.360799512257526 -3.3608039389364253 -3.360809564829409 -3.360816688294973 -3.36082566987669 -3.3608369421284405 -3.360851022838623 -3.3608685361360817 -3.3608902498627704 -3.3609171431349103 -3.360950525435023 -3.3609922393022513 -3.361044997958525 -3.3611129514222564 -3.361202675288091 -3.361325026529797 -3.3614989777978814 -3.361760550869117 -3.362184810161969 -3.350458199844466 -3.168798927952184 nan nan nan nan nan 
-3.471854860367845 -3.4718585243935656 -3.4718631740694534 -3.471869048286364 -3.471876429929268 -3.4718856478124565 -3.4718970769883795 -3.4719111387222004 -3.4719283039893307 -3.4719491083834995 -3.4719741916232048 -3.4720043809204477 -3.4720408445215503 -3.4720853531917992 -3.4721407144551333 -3.4722115139673435 -3.4723056674284845 -3.4724019940234334 -3.4746896943616954 -3.4879745542363225 -3.4017774032885035 -3.220506134606424 nan nan nan nan nan 
